id	centroid	lumen_area	lumen_peri	lumen_aoma_rad	lumen_diam_rad	lumen_diam_tang	cell_area	cw_peri	CWT_pith	CWT_left	CWT_right	CWT_bark	cluster
0	(2493, 490)	40.65671757651032	27.633445746047908	75.50962829589844	6.0671155656237366	12.426581499671606	74.13301247841022	37.88546255506608	8.371383	10.427974	1.135	0.0	2
1	(2489, 60)	278.9691241824992	80.13193602078812	90.89434051513672	15.983173258986557	35.72926310068147	470.9969143589047	113.65638766519824	7.09375	43.11427	8.665978	0.0	13
2	(2466, 237)	827.7862950959654	114.92073005516623	170.28602600097656	42.37701734810976	32.33535300264951	1220.283723728386	148.01762114537445	8.623278	10.2725315	43.060265	0.0	13
3	(2469, 346)	795.4743930602185	113.69306621047369	43.25559616088867	35.43182397546521	35.054295634058725	1147.703235071513	152.4229074889868	9.417757	41.699368	8.480461	0.0	2
4	(2466, 426)	971.5888140658659	124.31002886809966	159.67691040039062	44.12771143512318	36.92712255411845	1156.436181567661	148.01762114537445	6.390467	8.988769	9.220811	0.0	2
5	(2462, 151)	1224.2620660210755	139.6529482849894	0.8281906843185425	57.603328568031536	40.41647885455408	1469.4637970851365	163.87665198237886	9.620619	9.942563	10.262455	0.0	13
6	(2433, 58)	1209.7071551941626	134.27805370171166	155.13816833496094	43.70566032912638	41.5098962695782	1714.7625608880437	179.73568281938327	7.890056	39.389526	10.065491	7.27785	13
7	(2414, 484)	698.9268179083623	135.2476619413771	179.91891479492188	60.937976046714226	18.522849092157127	874.6531079586252	158.59030837004406	7.432302	9.563366	0.0	7.0179715	2
8	(2382, 422)	1273.4576646160415	138.94139586041152	18.79607391357422	45.747184789693236	40.96690990697851	1558.1517203904598	170.04405286343612	7.386157	7.5975776	8.295452	6.6025567	2
9	(2330, 403)	18.242154903064293	22.756323415277286	84.67684936523438	2.3053581638100322	12.920674316926316	88.49385782763105	43.17180616740088	10.149372	20.009115	6.0085487	7.355462	2
10	(2333, 487)	61.712821906111124	32.29678779971757	86.22639465332031	6.415704858866958	17.049250178735512	139.53307846067264	51.10132158590309	8.262302	16.57075	2.7429168	10.365688	2
11	(2328, 440)	51.03922063304159	41.988417755664706	90.68976593017578	3.4281420759272954	22.990120169516974	163.98532864988647	65.19823788546256	10.822831	7.0782504	17.659143	7.0373445	2
12	(2372, 233)	1522.540705233946	155.42342820356595	178.08865356445312	58.863743172984194	37.99358341015391	2207.882939703856	204.40528634361235	15.453238	10.281236	38.950466	12.231004	13
13	(2373, 339)	1514.778086126259	159.58899805724357	3.4649431705474854	58.79184379077584	35.50191472905097	2356.3430301383687	217.62114537444933	26.166862	38.375275	8.599481	17.106054	2
14	(2308, 486)	106.93007820838751	40.59124906682758	99.7181625366211	11.077812608908598	15.110666055517244	201.43996584447592	60.79295154185022	11.706298	15.997776	0.5675	8.05936	2
15	(2305, 424)	269.94507946981315	77.35593791575158	83.2734375	10.096506388480558	34.383695190773565	534.0681946088611	116.29955947136564	9.153036	23.482746	17.622845	9.664569	2
16	(2299, 234)	112.75204253915271	57.02900597702564	95.98362731933594	5.5691887885944515	25.284541309448905	382.3089910535815	106.6079295154185	12.892636	19.226912	47.9432	11.153778	13
17	(2338, 51)	1540.8798928758563	152.673366206333	6.503580570220947	53.957834027357165	42.31111044551908	2075.3362184401017	193.83259911894274	13.410883	23.069489	9.328296	8.9269285	13
18	(2350, 145)	2036.7171883793592	178.50042203449468	0.8057234287261963	69.61193267577134	43.30312304361662	2486.366900192125	219.38325991189427	11.069788	9.688747	10.652021	10.863673	13
19	(2289, 343)	161.17137922334996	65.64413765978708	98.29283905029297	7.723918509492678	26.073874404542305	527.0818374119428	119.8237885462555	11.424115	49.436028	22.850494	16.372414	2
20	(2274, 146)	123.0375128568379	75.3800431012057	93.59342956542969	5.507630329555655	32.660685588983725	372.60571716897283	116.29955947136564	10.424588	22.47116	21.183239	8.621978	13
21	(2272, 48)	129.15057540414136	66.6137458469374	93.14830780029297	5.77431317258999	32.38886936326701	426.555919967397	112.77533039647577	12.941786	38.294796	21.864351	11.295015	13
22	(2273, 235)	157.1930369306604	60.402069585438866	96.35029602050781	7.619692661466744	27.244295167232327	523.0064623804071	116.29955947136564	15.266739	23.466528	52.414974	12.717449	13
23	(2270, 488)	152.63249820489435	51.1196608060257	37.391693115234375	17.225793246797206	16.666494995932574	271.30353781365835	74.00881057268722	13.278374	15.971072	0.0	10.038889	2
24	(2268, 424)	421.02505385317005	85.97106959851303	84.83087158203125	16.345268598959503	34.41305753306673	699.8001125579771	126.87224669603525	10.153143	19.797895	18.513666	9.001584	2
25	(2258, 338)	268.48958838712184	70.77931575313013	99.8260498046875	12.829084452297304	27.299744592569873	667.0030468279998	126.87224669603525	17.296164	55.284306	17.010418	11.366539	2
26	(2249, 53)	115.66302470453532	66.20452456537322	96.94657897949219	4.649893587243264	25.58043725744161	438.19984862892744	115.41850220264317	13.325797	39.885986	24.336752	12.560301	13
27	(2250, 146)	220.84651361369328	77.50710343474333	94.19828796386719	8.058590777193135	36.186697867945796	527.0818374119428	119.8237885462555	12.358651	24.514507	23.33456	10.143402	13
28	(2242, 229)	151.85623629412564	58.53306480441324	95.24203491210938	7.49859992530649	27.244255549610738	516.7963670942577	113.65638766519824	16.79261	24.43063	52.576164	14.913736	13
29	(2241, 378)	81.79859884725107	35.47441019360714	167.9934539794922	12.797112386520768	8.163589840367818	201.24590036678376	74.8898678414097	16.515886	15.566766	12.574493	14.913271	2
30	(2223, 484)	182.32451629179687	53.913998236215065	92.66764068603516	16.683421563126622	17.97764973939578	280.8127462205748	74.8898678414097	6.988527	9.815604	0.0	13.72117	2
31	(2219, 54)	308.0789458363252	77.97893942190161	96.55970001220703	11.90640085957391	33.870348051563205	727.5514758679578	129.51541850220264	15.485249	43.052025	24.376272	12.881887	13
32	(2211, 144)	520.7747093869472	95.66269939691485	98.27851867675781	17.628244794767433	37.98390447618401	916.7653166178269	143.6123348017621	12.785448	24.217512	23.205921	12.400399	13
33	(2207, 336)	424.0330687573988	79.39444733086137	102.18883514404297	22.245278654598238	25.72724589211705	930.5439655339712	136.56387665198238	19.289324	54.780407	16.429697	17.441265	2
34	(2202, 231)	379.00987793281456	79.33183273029748	99.67730712890625	17.805021126596777	29.45842484237687	936.9481262978129	141.8502202643172	21.084517	22.961573	55.438435	17.463837	20
35	(2211, 426)	805.6628306390577	110.61473690990834	99.85523223876953	28.88548859738628	37.05178687256927	1078.227794057715	148.8986784140969	8.405649	14.741651	9.52024	10.161445	2
36	(2177, 375)	131.38232839760136	44.45448767246128	170.13999938964844	15.663068479028302	10.532713634455028	266.6459663490462	87.22466960352423	13.880282	15.904535	9.761467	15.725934	2
37	(2176, 484)	265.4815734828931	65.32346724413566	2.0527920722961426	24.514047060882245	17.45102812662673	362.90244328436415	85.46255506607929	9.805922	11.959514	0.0	6.9850016	2
38	(2169, 51)	573.9486502746026	94.93280785724455	97.43447875976562	22.350819816180767	35.58458948988638	1113.935841953075	145.37444933920705	16.897125	41.618443	22.179712	15.571962	13
39	(2156, 145)	767.0438005783152	113.19529406299675	101.98123931884766	23.67509153778344	42.52660988062107	1245.3181703506764	165.63876651982378	14.482235	22.901943	22.901978	13.027531	13
40	(2147, 332)	416.3674823885579	80.83589150516997	72.23540496826172	20.04570337744649	27.997655702555317	894.4477866832269	135.6828193832599	12.594359	51.54621	16.139906	19.887564	2
41	(2143, 231)	419.4725300316327	80.53356036215627	113.68841552734375	20.78489497053135	25.90028366014765	990.8983290962371	140.9691629955947	19.051748	23.30367	51.09016	21.489578	19
42	(2141, 421)	912.1077451532148	117.40513908705522	106.26612854003906	29.588189951716796	40.16582622430123	1219.3133963399252	159.4713656387665	8.068282	16.69253	11.403522	8.176012	2
43	(2122, 486)	201.14886762793768	56.922115838475165	170.64306640625	20.462222999191052	16.859010729883174	318.8495798482408	78.41409691629956	11.391344	15.398885	0.0	9.555464	2
44	(2106, 50)	612.9558112907296	97.05986824329729	100.09597778320312	23.761241523537517	35.499642737310594	1171.961419783035	148.01762114537445	16.775112	40.63542	21.987255	16.830181	18
45	(2094, 144)	741.1360593064101	112.05618097918675	102.3840103149414	22.274468143554007	42.048224409725705	1218.5371344291564	167.40088105726872	13.958575	23.442398	22.225609	14.257441	13
46	(2073, 484)	222.59310291292283	58.942286138492534	75.55963134765625	19.061841682759333	19.783220224198583	338.06206213976594	77.5330396475771	10.719725	10.0827675	0.0	11.742216	2
47	(2081, 329)	910.2641231151391	118.05407696358432	113.27059173583984	33.96232471158119	36.994794390387014	1512.9344640881834	173.56828193832598	11.949065	41.720673	14.294629	14.603268	2
48	(2070, 417)	936.2688971258904	118.9977490429311	100.43780517578125	31.438133379056946	41.19444720482168	1268.0238312406607	159.4713656387665	8.813755	14.140866	13.761723	8.04631	2
49	(2069, 230)	713.6757942129675	104.68705246627069	163.5099334716797	34.47732396257143	28.193824989747743	1353.8007723806013	161.23348017621146	17.287271	19.77314	40.834835	21.59097	13
50	(2038, 47)	770.245880960236	107.73944555400226	102.1326904296875	29.63861776862398	36.55687066213026	1304.8962720021736	155.0660792951542	17.123468	27.857729	20.681797	16.784468	17
51	(2030, 144)	870.3836674493974	119.98569655523426	103.19134521484375	25.31353589468003	44.32012898626452	1320.2274447398552	169.16299559471366	11.421474	21.66641	19.093971	13.49742	13
52	(2003, 416)	733.4704729375692	111.15678454285676	103.71198272705078	24.881053672258027	42.82547798819491	991.4805255293136	143.6123348017621	7.5021334	11.742438	8.845954	8.010739	2
53	(2004, 481)	534.4563255642454	97.55764033825912	0.17720095813274384	40.241017810015514	21.435863973468756	703.8754875895128	121.58590308370044	9.982838	7.634898	0.0	11.966937	2
54	(2000, 330)	1062.0233266704186	127.44337588154796	113.61056518554688	34.75073691881823	42.562703612791836	1582.7980360573658	176.21145374449338	8.940785	38.59877	12.350385	10.609411	2
55	(1983, 230)	772.2835684760038	108.45099803109527	176.07969665527344	39.16810693606576	29.923588209492138	1323.7206233383145	155.0660792951542	13.170355	17.647165	35.282684	17.732143	13
56	(1970, 43)	645.1706805876303	101.46515453439451	101.94483947753906	23.76169581499024	38.01581765749665	1072.0176987715656	146.2555066079295	12.922961	21.997267	18.784636	16.706223	13
57	(1961, 143)	1071.3384695996428	132.51593921678182	98.4336166381836	30.828216232813723	49.26205840631937	1495.0804401405035	174.44933920704847	9.563394	18.523752	16.380625	10.891268	13
58	(1933, 413)	996.4291952104641	123.919146754143	120.54425811767578	34.840385514278346	39.681621837681256	1278.503367036038	158.59030837004406	7.800919	11.02378	9.481331	7.7598944	2
59	(1921, 478)	540.4723553727027	93.51729984325459	175.53298950195312	36.954733173111684	24.088690263994835	693.9781482272119	116.29955947136564	9.44072	9.494801	0.0	10.951435	2
60	(1920, 327)	1039.996894952357	127.48765131450435	107.66207885742188	34.75162666282517	42.679197971795915	1494.498243707427	167.40088105726872	8.9559965	32.25737	11.402504	8.222141	2
61	(1902, 229)	779.6580566283064	108.2998324595884	179.27223205566406	39.77994609640358	30.03095407770004	1213.49143200916	150.66079295154185	10.56634	11.299921	30.300142	12.72122	13
62	(1901, 40)	934.813406043199	121.7478110401641	112.02007293701172	30.245036163029752	41.02012615425803	1254.2451823245162	162.11453744493392	9.666867	6.5449796	13.452544	13.549951	13
63	(1883, 141)	1392.807933396728	145.9013031442785	86.77436065673828	37.784294570196884	51.831629427965076	1752.217198082633	187.66519823788545	7.928051	12.786914	10.456544	9.624481	13
64	(1853, 414)	1087.5429369869394	132.2578835592396	113.81480407714844	35.500227421831056	43.104957696561364	1366.997224863669	164.75770925110132	7.961989	10.51155	9.373841	7.9809666	2
65	(1836, 480)	579.5765491276757	102.79970851763754	175.49710083007812	39.73646804310606	23.615586638537987	727.9396068233423	124.22907488986785	8.198652	9.5175085	0.0	8.815608	2
66	(1824, 224)	862.4269828640183	113.17695479035902	167.37530517578125	37.4425016723777	34.013485445489685	1243.1834500960624	152.4229074889868	7.7384257	10.535701	28.196205	9.3890915	13
67	(1832, 323)	1326.0494090706204	143.71162800011655	139.49810791015625	44.12610458655837	43.164579373444525	1843.4279725979545	187.66519823788545	11.487886	29.124193	9.507341	9.045421	2
68	(1817, 43)	1254.924411496439	141.086795519102	148.10572814941406	43.197246481471765	39.037934205386556	1579.692988414291	177.09251101321587	7.878524	9.524157	11.522957	10.267648	13
69	(1801, 133)	1244.5419084399077	139.8850678872432	84.72671508789062	38.72250697587297	45.22798618183543	1553.3000834481554	173.56828193832598	7.1640573	11.373505	10.840443	7.157648	13
70	(1763, 409)	1463.5448000155252	150.71581061190972	177.75521850585938	53.099763271366015	40.39407888974758	1802.2860913272139	185.02202643171805	10.172962	9.945292	9.847331	7.9921017	2
71	(1742, 324)	965.1846533020241	122.09441756361906	84.79113006591797	35.66416536644925	38.950864725376825	1350.6957247375265	161.23348017621146	7.5021305	28.123165	9.617656	9.632793	2
72	(1741, 478)	724.349395486037	114.61839891215253	178.8770751953125	48.27430775061736	23.532121608665303	896.9706378932252	137.44493392070484	8.23668	8.846287	0.0	9.012448	2
73	(1740, 225)	1161.6759494653497	133.44127197097578	0.5362105369567871	51.25115353943106	34.53631525333388	1608.608744590425	170.04405286343612	9.219979	9.361599	27.717272	8.631651	13
74	(1713, 136)	1508.9561217954938	152.9314219689054	120.80056762695312	46.29537223170452	48.16650689897312	1833.9187641910382	183.25991189427313	7.333952	10.669925	9.012226	7.3635793	13
75	(1719, 42)	1447.8254963224592	150.56464504040287	175.2867431640625	53.03139045580263	38.43405380699722	1814.3181509441285	181.4977973568282	12.133217	6.620166	10.607225	7.781412	13
76	(1674, 318)	749.0927438917892	108.92283401825354	88.1926498413086	28.218163311262437	37.87698469297012	1116.8468241184576	147.136563876652	9.199945	29.404007	11.325404	7.224351	2
77	(1644, 481)	610.141861864193	110.92466499311809	2.29659366607666	51.92280512442868	19.001465427146112	777.6203691125386	129.51541850220264	9.308334	10.057151	0.0	7.861268	2
78	(1644, 410)	1987.7156552620854	175.29686337525624	4.680680274963379	64.78460414558171	43.18756415445218	2425.0422092413983	217.62114537444933	11.199606	11.332423	9.461964	10.672102	2
79	(1578, 482)	108.4826020299249	42.20219798025055	86.53791046142578	9.078549114376749	17.680948213058212	208.62038851908633	64.31718061674009	7.8397956	17.605532	3.7050095	9.315045	2
80	(1627, 223)	1521.5703778454852	160.19366050081632	178.95448303222656	67.27687929876328	33.82418952262474	2180.1315763938755	207.9295154185022	22.104532	9.845547	31.694193	12.160649	13
81	(1601, 322)	976.9256147024006	121.89897661167095	84.34149932861328	35.919336669651834	36.93953771054483	1495.66263657358	174.44933920704847	14.658546	33.447502	14.116844	9.471718	2
82	(1568, 414)	168.1577364202682	72.99492700509563	94.46487426757812	6.3692043842232255	33.984066969025704	388.32502086203885	107.48898678414096	8.609332	19.452887	16.993614	9.110656	2
83	(1606, 138)	1940.6547769217334	176.15958137134098	0.5634922981262207	62.19760430316452	45.32084166630497	2395.932387587572	221.14537444933922	15.497716	10.841472	9.186316	7.983661	13
84	(1550, 218)	46.575714646121604	39.0429148064836	101.41947174072266	3.5790498173520264	12.853824259944272	220.26431718061676	82.81938325991189	14.581959	25.71947	25.778282	10.331422	13
85	(1549, 329)	135.74880164567526	62.63602005752698	102.00462341308594	6.02414436924278	21.433860510732792	429.6609676104718	116.29955947136564	13.796819	44.1776	22.217022	10.160936	2
86	(1540, 165)	13.584583438452134	17.469979802942486	98.99421691894531	2.4052927061621445	8.022861938432362	122.26125094606921	54.62555066079295	16.820267	20.804588	31.012325	10.351813	13
87	(1534, 114)	15.040074521143435	18.244146933114475	87.20362091064453	3.1544351693800388	8.888064323212381	126.7247569329892	53.74449339207048	16.011944	26.681808	23.745787	10.037845	13
88	(1544, 482)	222.30200469638456	58.3818992854215	73.64937591552734	16.64097868007768	21.354013207672306	328.74691921054165	77.5330396475771	6.4467864	13.767001	0.0	8.380323	2
89	(1591, 43)	1994.993110675542	179.96020542892592	177.5034942626953	67.62035802964289	41.42503033054367	2522.8512099982536	225.55066079295153	19.94769	4.1518435	10.858234	13.914854	13
90	(1529, 229)	114.69269731607444	56.36172903791923	101.6826400756836	5.838541081548405	21.125156509649205	473.9078965242873	117.1806167400881	13.737022	25.866676	50.597523	18.788435	13
91	(1536, 415)	442.37225639930915	88.46307578065847	96.76532745361328	16.866689188918226	34.818418922178616	683.8867433872189	125.99118942731278	7.6495743	18.653133	16.120298	8.553808	2
92	(1522, 325)	141.66779871528655	60.464684186002756	103.21694946289062	6.975391435370707	20.415838311549624	458.7707892642978	117.1806167400881	15.007199	47.17404	17.696398	13.18136	2
93	(1514, 140)	134.19627782413787	70.86786656652778	94.7339859008789	4.994705456649208	32.60306171407225	516.4082361388732	122.4669603524229	16.597929	28.593184	27.686272	23.092178	16
94	(1513, 369)	77.43212559917717	33.454240051135095	5.8501811027526855	12.059802292532988	8.409255851618903	181.2571561644899	74.00881057268722	13.484367	14.790027	9.476263	18.473806	2
95	(1506, 47)	147.39273030720565	61.75496278880451	101.18518829345703	6.85018498064758	23.07474405682481	478.7595334665916	114.53744493392071	15.940361	41.04154	28.725143	12.569331	13
96	(1498, 224)	251.70292456674883	71.55348283078702	97.73806762695312	10.661037907771078	30.814323542114547	651.477808612626	131.27753303964758	11.855629	26.055527	48.220943	13.710327	13
97	(1498, 415)	328.1647227774651	82.55373055714342	101.6811752319336	11.820914326223543	32.13661407472026	537.5613732073201	119.8237885462555	7.488121	16.697351	14.620126	6.6031685	2
98	(1501, 482)	252.0910555221332	63.410187187698966	51.11377716064453	19.193113009436242	20.555062302133646	357.4686099089833	86.34361233480176	7.95856	12.813437	0.0	7.6040187	2
99	(1488, 331)	276.7373711890392	69.27525682071231	97.69842529296875	14.591836978952822	26.776445955175117	651.8659395680103	124.22907488986785	14.86646	49.062115	20.85061	14.363238	2
100	(1482, 134)	242.58184711521668	73.98287435985347	93.26657104492188	9.322877649995833	35.06082985395259	633.2356537095616	119.8237885462555	16.00347	28.566576	27.446344	16.457077	15
101	(1475, 49)	193.96844495332726	65.49297208828023	104.53045654296875	9.070695634573099	23.408474041159362	591.7056414834366	125.99118942731278	13.554765	49.982323	27.2285	15.296982	13
102	(1461, 422)	546.294319703468	113.36479859205069	104.14701080322266	19.600004398282767	37.1922500878538	861.8447864309418	150.66079295154185	9.823247	22.865839	9.118195	8.895727	2
103	(1459, 222)	382.40602379242756	78.92261134370308	101.8116455078125	17.06706978340026	29.22176339154922	876.593762735547	137.44493392070484	16.802208	26.287338	52.273582	12.31854	13
104	(1447, 327)	295.7557880028722	73.31559742074705	96.66761016845703	12.763234463590726	30.898515946367123	739.3894700071804	128.63436123348018	13.335888	52.098248	24.418182	15.105651	2
105	(1443, 56)	207.35896291408721	64.24696897094995	101.54082489013672	10.202844037243382	24.801348484954758	541.4426827611636	123.34801762114537	9.667169	51.722473	24.518074	12.403414	13
106	(1443, 136)	344.3691901647616	80.10599986046947	95.57666015625	13.27411938265078	35.04614403091679	740.1657319179492	125.99118942731278	15.39975	25.18052	27.310455	16.04684	2
107	(1446, 482)	299.2489666013313	68.18041943243422	0.7441165447235107	23.004767888298538	20.49226370004515	422.6746104135535	91.62995594713657	9.550242	15.639842	0.0	7.571866	2
108	(1411, 222)	298.86083564594696	70.88620589168062	101.70101928710938	14.10704422600099	26.883949470796544	774.9034524248482	128.63436123348018	15.622793	28.412376	51.68924	16.678131	13
109	(1408, 327)	307.10861844786433	74.366159481099	100.8237075805664	13.292377125395014	28.748610578364126	710.6677793087388	128.63436123348018	12.361517	49.955837	21.452639	12.659438	2
110	(1408, 55)	342.04040443245555	75.54954794535027	100.86415100097656	15.17465527003921	29.23580858024997	631.489064410332	124.22907488986785	11.873889	26.153452	22.767038	8.527551	13
111	(1411, 416)	518.1548254381029	90.91080694996838	94.78474426269531	20.11579359694011	34.39077884913841	803.4310776455976	134.80176211453744	12.525298	21.25139	15.29784	9.230872	2
112	(1399, 136)	380.65943449319803	83.47906331133737	97.89179229736328	14.242126829440696	34.747246264272086	772.1865357371578	128.63436123348018	13.502449	23.493584	28.393225	15.336641	2
113	(1386, 454)	39.88045566574162	24.687942744351695	170.79617309570312	8.81076670463266	6.07521922950986	109.06479846300142	51.98237885462555	12.0854435	12.703884	7.2410827	11.912685	2
114	(1388, 4)	46.381649168429426	41.6860865601359	175.4341278076172	12.994580069451152	7.345808887678408	212.88982902831415	79.29515418502203	19.416925	3.522414	16.20886	49.871613	13
115	(1382, 370)	108.67666750761707	40.50269814839972	3.4623208045959473	14.954166073993985	9.627633258864376	232.49044227522367	76.65198237885463	11.796723	13.211205	13.175511	15.097231	2
116	(1383, 481)	370.7620951308972	93.90058501701523	162.95875549316406	29.012914978965	18.955941119385223	535.4266529527063	117.1806167400881	11.256378	9.91733	0.0	9.854178	2
117	(1363, 324)	367.6570474878224	75.03343652523562	102.37483978271484	18.704756762971357	26.230848707861703	786.9355120417629	125.1101321585903	16.744724	53.13954	11.055923	12.612615	2
118	(1362, 53)	390.5567738554989	78.04155418001082	105.65328216552734	18.146160201761955	28.32951001136763	705.0398804556658	123.34801762114537	11.983678	21.216646	22.880068	11.299731	13
119	(1347, 3)	14.26381261037474	16.33086682416269	167.75723266601562	5.64012267952976	4.160940098521186	117.2155485260727	48.458149779735685	31.823301	1.9736743	20.542202	23.319248	14
120	(1361, 220)	452.26959576161	84.78768118677685	105.7286148071289	19.503793888405752	29.809607693761635	1007.7820256554562	142.73127753303964	15.278845	26.227789	53.03074	16.523968	13
121	(1353, 133)	453.23992315007087	87.2170727683584	99.98715209960938	16.961001990167826	35.05936046807078	825.9426730578898	131.27753303964758	12.4176	22.472696	25.313328	13.258922	2
122	(1353, 417)	542.5100428884706	90.59013621922631	89.4371337890625	25.36265028580149	30.60552292101775	795.0862621048342	126.87224669603525	9.301941	12.578863	12.420967	12.351374	2
123	(1342, 363)	99.45855731723884	38.48252790089746	167.103271484375	13.730062575009958	9.535750183301397	228.6091327213802	74.00881057268722	17.347818	14.190321	12.798143	11.23502	2
124	(1316, 56)	328.5528537328495	73.68054321683977	100.27262115478516	15.990738238593217	27.72236786691454	605.0961594441965	116.29955947136564	9.810303	22.772127	20.015274	11.260972	13
125	(1318, 483)	341.0700770439947	74.45471034701175	167.21263122558594	25.846480892126717	22.91559718077258	492.1500514273516	100.44052863436123	12.852653	15.180548	0.0	9.420565	2
126	(1306, 217)	439.3642414950805	82.03761929457409	104.93645477294922	19.78360834690268	28.621157300704272	997.8846862931554	141.8502202643172	16.614645	24.617834	58.86359	15.595169	13
127	(1299, 5)	60.54842903995809	33.542790917047846	174.1346435546875	13.815122556428426	6.669453447605169	200.08150750063072	74.8898678414097	29.641678	0.0	18.013367	30.099451	13
128	(1302, 413)	562.7898853073027	94.88853237177307	91.76172637939453	20.200439203639622	37.92208725157845	865.337965029401	133.92070484581498	10.496183	17.345215	17.15935	9.211291	2
129	(1302, 135)	541.927846455394	93.81203399355716	104.74785614013672	20.903126284570362	32.76654005534468	933.0668167439694	142.73127753303964	14.152903	19.8075	24.094772	12.624339	2
130	(1302, 325)	558.9085757534592	89.8785836371031	48.845787048339844	27.03240159997347	27.219180726092947	1181.2765627122592	149.7797356828194	22.037378	59.756413	16.59022	17.694042	2
131	(1268, 366)	108.77370024646316	40.974534293103325	3.7544100284576416	15.518222651687926	9.142601932401906	234.81922800752974	81.05726872246696	12.922349	16.015507	12.20923	13.75939	2
132	(1270, 52)	478.3714025112073	86.07795973706351	99.80744171142578	19.58310660754581	32.8682188837503	802.2666847794446	134.80176211453744	10.879223	23.437428	21.322483	10.074375	13
133	(1255, 482)	334.9570144966912	71.70464845480898	178.66526794433594	26.40869769787014	18.925823018967275	534.4563255642454	102.20264317180617	19.396847	14.302733	0.0	13.035965	2
134	(1236, 4)	35.7080478953599	27.01044418738277	172.63499450683594	10.9067420247579	4.599853525928559	147.1016320906674	69.60352422907489	26.940725	0.7235891	18.605934	30.05696	13
135	(1241, 134)	615.8667934561121	97.1224830014065	106.90467834472656	24.801982563088757	32.88238010013752	1036.3096508762058	143.6123348017621	16.047186	20.590267	19.472466	14.287026	2
136	(1242, 213)	632.9445554930234	97.63859431649095	122.23114013671875	27.84833576529387	30.23463599449825	1364.0862426982865	161.23348017621146	20.202621	20.839651	64.44402	18.435686	13
137	(1235, 413)	937.7243882085816	115.12691344458626	137.0110321044922	35.30544077362573	35.01238439946928	1329.3485221913875	162.99559471365637	18.923885	15.831418	16.547026	11.636799	2
138	(1225, 328)	628.9662132003339	95.10231270138912	43.338966369628906	29.251446750793235	29.190383893159925	1338.0814686875353	159.4713656387665	20.748573	63.423893	17.707983	23.052559	2
139	(1200, 453)	37.64870267228163	23.548829765571895	151.93829345703125	7.7191691245668785	6.0790395492996625	139.53307846067264	63.436123348017624	19.125008	15.01172	11.867003	18.818605	2
140	(1212, 51)	633.1386209707156	96.0902603187225	111.54722595214844	26.279390020885213	31.677745905380316	1103.844437113082	151.5418502202643	17.809305	36.54248	20.052406	11.2216835	13
141	(1188, 368)	22.80269362883037	19.187818907431044	157.49258422851562	6.6351524712621694	4.324213347049711	140.30934037144132	60.79295154185022	20.670172	19.638102	21.453766	18.613985	2
142	(1166, 131)	888.5287896136157	115.98963149318611	133.6927490234375	34.63856196117921	34.85921281534913	1401.1527489374917	170.04405286343612	17.012756	21.493073	19.10963	16.494736	2
143	(1158, 215)	948.8831531758816	119.21152926751695	158.56617736816406	38.09348779610091	33.37755240019552	1721.1667216518854	184.1409691629956	19.185137	19.28794	46.2003	24.201145	12
144	(1162, 480)	680.3935647887597	114.33440704177654	172.00999450683594	44.86320984549794	22.486261125816736	982.7475790331658	152.4229074889868	20.960567	19.570768	0.0	13.7119465	2
145	(1141, 412)	882.9979234993888	114.69935273283903	178.30947875976562	41.112779343341245	29.268298644305045	1405.034058491335	162.99559471365637	20.45494	19.85381	19.523026	19.100842	2
146	(1133, 48)	788.099904907916	108.5945668199514	175.27345275878906	36.80528887193408	28.637647105448146	1527.4893749150965	169.16299559471366	25.168674	43.150604	21.497604	19.515749	11
147	(1089, 451)	88.00869413340061	39.21241949308286	160.96109008789062	13.495427402415173	7.731786252639644	230.93791845368628	81.93832599118943	11.335659	18.861729	13.081473	18.75997	2
148	(1125, 325)	1485.2801335170486	147.8329223158076	1.6086450815200806	53.963099052446424	37.785382461952594	2413.7864115352522	219.38325991189427	21.589855	41.746048	20.993639	26.786491	2
149	(1059, 128)	1720.0993615245784	165.45406779528713	173.4193115234375	61.944511583897096	38.387195003151724	2272.7008092530423	219.38325991189427	16.064274	13.539369	10.689234	18.91756	2
150	(1046, 212)	1541.0739583535485	158.96599655109355	165.124755859375	56.49126117615894	37.31228872104494	2171.5926953754197	220.26431718061673	14.833986	10.748398	23.0433	22.415869	2
151	(1033, 477)	894.9329503774574	130.300327807271	177.66998291015625	54.461879587608884	22.814094249456527	1190.3976401637913	164.75770925110132	15.439766	12.368454	0.0	19.109644	2
152	(1018, 44)	1440.742106386695	151.7404365644581	168.49342346191406	54.45768801744536	36.30774089335149	2057.2881290147297	204.40528634361235	15.717317	16.827892	11.853171	25.179094	2
153	(1017, 407)	1652.6616080265483	163.37128273716056	4.640481948852539	68.27498709526678	34.58199196906775	2230.200469638456	215.8590308370044	15.406644	14.900685	11.748192	21.115715	2
154	(950, 1)	2.32878573230608	6.167400881057269				50.2629587222729	37.00440528634361	22.568243	4.190769	15.291647	27.787773	2
155	(997, 272)	496.1283937200412	127.22959565696212	1.8784469366073608	52.98817545223408	12.273168860387656	950.532709736265	185.90308370044053	16.469248	14.605026	8.997056	29.957706	2
156	(989, 326)	1592.986473636205	162.8994469075476	177.7377471923828	62.85958899043249	36.855835543175324	2128.122028372373	215.8590308370044	17.438173	8.7048	13.774162	21.773659	2
157	(929, 218)	1440.0628772147722	149.0163109376042	3.3200478553771973	49.01986668549755	40.92608416280455	1955.2096877486465	200.0	13.120168	11.284987	23.817133	13.995389	2
158	(908, 475)	961.0122455316424	134.963670018486	5.330961227416992	57.19416903263128	22.69801395934064	1249.0054144268277	170.04405286343612	14.126627	9.075447	0.0	16.413467	2
159	(906, 127)	2330.2412233887712	197.23474433243538	173.08004760742188	74.53973382540958	43.36388698137228	2915.057540414136	250.2202643171806	15.295093	11.729394	12.368938	16.30185	2
160	(888, 41)	1759.0094898018592	173.5790242707677	178.2365264892578	67.28775330565395	37.4243198082274	2301.2284344737914	208.81057268722466	19.967228	5.8701253	11.302506	15.097563	2
161	(882, 412)	1521.8614760620235	159.75850295390327	10.659958839416504	61.32314832558317	33.338226550206606	1933.474354247123	208.81057268722466	12.796551	8.960321	9.445933	14.93375	2
162	(854, 333)	1813.7359545110521	172.00475390262017	6.8053998947143555	63.295242367212495	38.041435970507266	2662.384288458926	232.59911894273128	19.282393	46.28321	9.779976	13.804757	2
163	(819, 206)	1550.8742649770033	158.1658933656331	154.8307342529297	49.24950972208838	40.7143661971352	2355.178637272216	222.90748898678413	10.999029	11.332995	58.75683	12.865772	2
164	(767, 474)	1280.0558908575754	157.71999338124817	2.8948471546173096	67.62395755024967	27.14866366014699	1576.5879407712162	194.7136563876652	14.411629	9.028201	0.0	13.748179	2
165	(744, 404)	1756.0985076364766	168.5064608305036	178.98388671875	64.0467960290505	38.835626060422065	2306.4682023714804	216.74008810572687	29.025433	10.098891	8.791751	12.45088	2
166	(681, 471)	40.46265209881814	32.03873208966024	84.85456085205078	3.624029729823508	15.746850747010647	197.17052533524813	69.60352422907489	12.514807	23.842943	25.549084	12.667855	2
167	(725, 326)	1180.5003008014905	140.5523448263496	175.13462829589844	57.805283585333896	29.862208815370863	2158.590308370044	204.40528634361235	24.563549	59.807613	9.725738	24.93237	2
168	(737, 125)	2174.0185138465718	192.40189732959092	179.52720642089844	80.55484893265584	38.29942372436892	2715.946360301966	240.5286343612335	17.081064	10.537599	10.580886	14.470375	2
169	(735, 38)	1982.1847891478585	185.9138260328822	172.22994995117188	74.97508054666412	36.20560955132288	2500.727745541346	223.78854625550662	17.951677	1.2507809	10.351104	21.020582	2
170	(708, 209)	1288.4007063983388	145.1714114470629	159.3880157470703	48.114132607992495	38.58915473734691	2197.791534863863	211.45374449339207	20.112995	10.096714	57.68744	19.612194	2
171	(653, 317)	75.39443808340934	46.50059423782752	94.9931640625	4.688216282880048	21.93802195355497	440.7226998389257	106.6079295154185	20.18331	60.509377	29.527092	16.572224	10
172	(650, 124)	74.03597973956413	60.232564688779185	90.17572784423828	4.443146585626043	28.16431765092413	383.47338391973454	106.6079295154185	16.509169	36.6249	24.525805	11.622092	2
173	(653, 471)	163.7912631721943	50.194328051831754	82.80796813964844	12.4170053781218	18.26791877337174	395.31137805895713	89.86784140969164	10.740364	23.872694	23.489801	12.854256	2
174	(645, 29)	80.34310776455976	55.78300291221047	95.87382507324219	4.236717882557357	22.77828432310612	348.7356634128355	96.91629955947137	18.70803	15.414887	40.223896	12.793103	2
175	(645, 402)	272.1768324632731	73.57365307828928	89.66187286376953	11.071268939621655	33.866472962993065	714.9372198179666	125.1101321585903	13.496379	33.51851	24.034033	25.803907	2
176	(637, 210)	147.58679578489782	58.016953436813694	94.89148712158203	7.362665071664868	26.13045572477226	530.9631469657862	118.06167400881057	15.458938	26.381565	61.705173	15.103548	2
177	(623, 125)	143.80251896990046	60.70440062342236	92.38394927978516	6.841910232300569	29.85646400945654	575.404141357294	117.1806167400881	21.104956	45.32515	30.729006	16.65021	9
178	(620, 471)	127.20992062721963	44.28498293334692	80.24883270263672	10.194175219851637	16.6219523755767	335.1510799743834	81.05726872246696	11.089666	26.215368	25.658625	10.095566	2
179	(616, 32)	115.17786101030488	51.33344108312666	97.33781433105469	6.490667961113208	22.413773435558547	472.1613072250577	100.44052863436123	20.227203	24.54094	46.425735	19.026093	8
180	(618, 318)	218.323662403695	60.09973838991005	101.2527847290039	12.68846437735387	22.418139496286155	699.606047080285	125.99118942731278	18.387213	62.31679	30.571825	19.708223	2
181	(607, 403)	300.3163267286383	71.44659274475165	90.39371490478516	14.292588875064634	29.374186140137144	638.4754216072503	118.06167400881057	14.911029	24.189203	26.038591	12.9988785	2
182	(603, 208)	254.0317102990549	67.96663910281816	92.0877456665039	13.123948392716999	29.662338085671216	753.1681189233248	136.56387665198238	16.482023	29.590101	61.691956	15.419642	2
183	(587, 128)	190.0871353994838	61.54118251170356	94.45964050292969	9.60837973399574	27.110966263097623	609.7537309088086	115.41850220264317	15.674718	44.820694	30.365313	20.742702	7
184	(590, 352)	76.75289642725456	34.74451854890664	0.3120522201061249	13.660680835283092	7.515692613905455	250.5385317005958	82.81938325991189	21.797401	16.148006	17.855185	26.601934	2
185	(582, 475)	208.81445399677852	56.940455058597784	49.52046585083008	15.965934219043053	16.748129798119603	413.16540200663707	95.15418502202643	11.38033	21.445341	16.249352	11.823684	2
186	(577, 31)	261.11510023481924	66.7389752581256	95.73101043701172	13.204413088534633	26.186198508746255	692.2315589279823	116.29955947136564	18.954647	19.103418	47.021595	22.041235	6
187	(568, 450)	42.30627413689379	24.581052605801215	8.160526275634766	8.025051559805812	7.229503929407133	139.1449475052883	59.030837004405285	13.315727	17.476469	8.536538	19.323866	2
188	(573, 313)	223.17529934599935	59.73479254130225	86.7811279296875	13.475516662039478	22.396404253220055	672.6309456810728	119.8237885462555	18.507355	62.01321	16.01419	19.47305	2
189	(560, 209)	313.9009101670904	69.53331258328475	93.84011840820312	16.54358195278081	25.926744438170903	848.4542684701819	131.27753303964758	17.87711	31.106264	62.42162	16.464613	2
190	(550, 127)	274.5056181955792	70.26320433301548	96.35340881347656	12.607912076730592	28.577795482207527	741.9123212171787	124.22907488986785	19.575985	41.31731	31.74126	15.57559	5
191	(556, 400)	476.52778047313166	83.39051255045483	88.43968963623047	22.395630435833652	28.214107983670775	787.9058394302238	127.7533039647577	15.917281	15.624598	14.006863	15.297417	2
192	(538, 443)	35.31991693997555	23.69999533707875	25.30198097229004	7.716201313738536	5.667695910089035	98.39119718993189	45.81497797356828	5.1689982	11.957431	7.124604	13.822855	2
193	(533, 354)	114.3045663606901	41.74870121321489	179.64122009277344	15.180881977282906	9.81139490839351	284.11185934134176	81.93832599118943	13.759011	15.171288	14.657887	22.48776	2
194	(530, 311)	212.88982902831415	55.69445204629772	80.6090087890625	14.853730549528782	19.323366411798713	645.4617788041686	114.53744493392071	24.797295	63.356506	16.152786	20.71856	2
195	(531, 35)	339.4205204836112	73.68054326935487	93.20226287841797	16.45961737775344	28.443394882890278	787.3236429971473	124.22907488986785	18.35838	21.274265	39.221813	20.612394	4
196	(534, 475)	259.46554367443576	61.71068730333303	22.053123474121094	19.95041529561034	17.056607609359578	444.2158784373848	91.62995594713657	13.513463	9.032821	13.118037	12.148341	2
197	(514, 444)	86.06803935647888	35.323244674615395	26.819412231445312	10.81247273160795	10.1486727582083	179.31650138756817	67.84140969162995	12.321514	14.123723	10.692792	6.573574	2
198	(500, 335)	9.024044712686061	11.560634631942547	155.52630615234375	4.051970162127245	3.6572382451479086	56.667119486114615	37.88546255506608	13.38745	19.480944	2.6642723	18.317247	2
199	(508, 209)	395.99060723087973	76.43060521407274	93.75703430175781	19.97447333524474	26.981611317516833	954.6080847678007	135.6828193832599	14.32866	30.686958	59.73957	18.532984	1
200	(502, 126)	349.70599080129637	76.1725493989852	96.61425018310547	15.305249716588913	30.167460653605385	835.2578159871141	130.39647577092512	16.785557	39.34495	30.482655	19.352087	3
201	(495, 348)	60.839527256496346	29.97428630417139	178.51040649414062	11.219078969205647	7.250805684069429	153.11766189912478	59.91189427312775	14.722632	6.344686	9.75813	14.787762	2
202	(494, 397)	515.6319742281046	87.38657761250299	84.77965545654297	22.646386623032488	29.607606287324725	789.4583632517612	126.87224669603525	9.821193	12.102233	14.819868	15.612168	2
203	(479, 34)	383.7644821362728	76.64438533362838	99.52826690673828	18.547093355151613	27.518466199800887	784.800791787149	123.34801762114537	16.343018	19.18506	32.99921	18.434893	1
204	(479, 472)	373.67307729627976	73.271322145336	88.84443664550781	20.80038339303817	24.286626914004326	572.8812901472958	106.6079295154185	11.618654	19.319534	4.940697	12.221476	2
205	(472, 304)	355.8190533485998	71.7229876224165	91.1239013671875	20.810318640750186	22.50984727956621	874.0709115255487	134.80176211453744	23.021883	49.433407	13.914677	29.521484	2
206	(451, 347)	208.13522482485592	57.62607132285702	145.5906219482422	16.91586443376037	14.070816888158186	374.35230646820236	98.6784140969163	10.308748	15.322315	10.535882	15.139033	2
207	(452, 206)	576.2774360069087	93.53563911589232	98.18941497802734	23.64717394718137	34.33209180548819	1103.6503716353898	149.7797356828194	13.95244	19.513496	48.49228	14.115796	1
208	(433, 401)	762.8713928079334	110.4192957478998	112.40241241455078	26.791498231338846	35.705360941738114	1156.8243125230454	158.59030837004406	17.986647	9.2445755	23.136005	10.858494	2
209	(424, 26)	461.09957499660385	83.82566988730746	91.35871124267578	23.540549400392095	29.868341086085515	731.8209163771857	115.41850220264317	12.995111	1.1172776	23.668543	14.648062	1
210	(408, 345)	74.32707795610239	35.88363152768643	0.21860553324222565	14.613958580075932	6.774578913150664	157.9692988414291	60.79295154185022	10.33673	7.644211	11.38705	9.371405	2
211	(422, 116)	1471.7925828174427	150.1554238638689	159.378662109375	49.80686538569801	40.33820596543291	2117.254361621611	206.16740088105726	14.707834	25.619934	14.931678	20.6891	1
212	(410, 479)	540.4723553727027	114.85051851440632	174.2917022705078	40.86423756279273	18.853840506741307	996.332162471618	149.7797356828194	28.393257	38.06546	0.63055557	11.677005	2
213	(356, 497)	11.06173222845388	18.35103707166495	5.167180061340332	8.201121892405363	2.941090153415768	55.890857575345926	43.17180616740088	12.534584	13.113142	0.0	18.127764	2
214	(385, 307)	859.7100661763279	118.16096725968012	9.306617736816406	45.47905488239805	26.358244639006376	1631.120340002717	178.85462555066078	19.536085	56.17466	9.376436	25.956484	2
215	(375, 195)	1054.0666420850396	127.50599053462696	158.45904541015625	42.14232207770628	33.55625648626372	1793.7472103087582	188.54625550660793	14.704566	14.682697	58.230347	14.473026	1
216	(349, 388)	1202.1386015641679	137.3228499017623	34.5167121887207	41.628283272887025	37.53305958300467	1785.596460245687	190.30837004405285	10.2232685	15.79123	36.125397	14.0956745	2
217	(336, 27)	1182.149857361874	142.50990036825777	175.93600463867188	53.40258133867773	36.618542442427774	1525.936851093559	172.68722466960352	13.159672	0.0	17.845934	14.537336	1
218	(292, 470)	995.0707368666189	130.27439238216382	175.99374389648438	51.05472814620139	25.89631532781134	1393.5841953074969	170.92511013215858	14.90621	12.614457	2.1893368	25.463804	2
219	(298, 110)	1817.4231985872034	170.41974104448562	175.5529022216797	64.9971778812541	39.5448482648643	2376.913970773739	215.8590308370044	13.076426	16.40555	15.565104	15.163448	1
220	(271, 301)	1462.18634167168	151.2059857666755	169.37020874023438	56.64920044354941	34.85072230913942	2235.2461720584524	209.69162995594712	15.722538	34.032448	14.785852	25.186201	2
221	(247, 389)	1548.5454792446972	151.26860052478472	172.65171813964844	50.0283201378116	41.18507008820233	1937.5497292786588	196.47577092511014	11.723535	10.512098	11.651282	12.12298	2
222	(258, 198)	1666.3432242038464	165.9701792679169	176.38580322265625	62.529765894350554	36.23281844357515	2482.097459682897	226.43171806167402	17.83102	14.461023	31.049564	25.538658	1
223	(205, 337)	59.57810165149722	32.422017053360456	25.97447967529297	10.025242534936766	6.384988082338253	143.60845349220827	66.07929515418502	10.625441	10.418651	9.853844	10.566759	2
224	(207, 26)	1304.120010091405	156.13498068065894	179.1084747314453	67.69935551457597	28.765110395928858	1628.7915542704109	186.784140969163	13.130992	0.0	12.21311	13.218379	1
225	(183, 461)	940.4413048962721	128.85888379050772	172.44737243652344	51.31992755502185	24.81977622023469	1305.0903374798659	172.68722466960352	14.033351	12.04275	12.606023	15.144506	2
226	(143, 494)	114.59566457722836	71.01903219054974	171.76119995117188	33.859442914562855	8.957463975231294	234.23703157445323	98.6784140969163					2
227	(169, 107)	1989.9474082555455	175.18997318419065	172.3451690673828	61.28022604581318	45.73471892338502	2478.216150129054	221.14537444933922	11.592292	12.807253	12.308007	12.791395	1
228	(140, 387)	1359.5257039725204	142.27018403586837	3.4301321506500244	52.205711475641216	38.915978211408095	1746.7833647072523	185.02202643171805	11.352666	14.130063	10.991508	11.4719715	2
229	(148, 299)	1447.2432998893828	150.71581076945503	179.24478149414062	56.116911134395984	37.79801640453764	2150.633623784665	200.0	14.850518	37.38414	14.010252	14.760639	2
230	(88, 339)	38.424964583050325	23.548829818087	175.80996704101562	8.253034162998269	6.092854596178267	111.19951871761533	53.74449339207048	10.937167	12.047009	12.907243	12.54834	2
231	(121, 195)	1689.339983310369	167.92773480982507	177.22573852539062	68.32622319526128	35.176458467238845	2490.830406179045	220.26431718061673	17.749758	12.181466	38.10344	18.399918	1
232	(74, 451)	742.1063866948708	114.245856280894	169.35845947265625	43.51653577654089	22.729670037443874	1036.3096508762058	155.94713656387665	11.814264	10.835196	11.007908	13.523353	2
233	(40, 488)	359.11816646936677	103.37843469586142	143.44114685058594	97.64688625924583	74.55972373133443	499.5245395796542	124.22907488986785	4.9187512	10.878789	0.0	9.260859	2
234	(6, 447)	88.97902152186148	41.21425062549272	100.6019515991211	10.41326122913002	16.04749367465546	171.7479477575734	62.55506607929515	0.0	11.439169	12.366524	11.016027	2
235	(40, 381)	1228.3374410526112	137.9534486106839	178.41949462890625	58.37399846770105	36.41021815331794	1497.6032913505016	164.75770925110132	0.0	12.422668	10.121324	10.639206	2
236	(40, 297)	1055.3280676900386	128.82220545529267	178.44435119628906	51.61578213747409	33.30810029445022	1514.2929224320287	163.87665198237886	0.77171475	37.499256	12.36405	11.939345	2
237	(21, 194)	640.1249781676338	104.41065758860584	164.4163818359375	42.8597830196549	35.94517692270122	950.9208406916493	140.08810572687224	0.0	10.0405855	33.444153	12.331102	1
238	(51, 105)	1664.2085039492326	158.85910646505818	151.22845458984375	49.977656006064954	46.32036986535726	2050.1077063401194	196.47577092511014	5.756194	13.7126045	11.686626	10.614958	1
239	(66, 23)	1207.3783694618564	155.66314469350067	175.28024291992188	67.39825265438787	30.064455055143274	1481.107725746667	177.97356828193833	6.0543094	0.0	13.636359	12.011937	1
