id	centroid	lumen_area	lumen_peri	lumen_aoma_rad	lumen_diam_rad	lumen_diam_tang	cell_area	cw_peri	CWT_pith	CWT_left	CWT_right	CWT_bark	cluster	bot_ring_id	top_vert_dist	bot_vert_dist	top_angled_dist	bot_angled_dist
0	(2493, 490)	39.67670294378282	26.674875955466003	77.74362182617188	6.132618847944705	11.389363325874276	72.74062206360185	36.163175303197356	8.3389015	10.548212	1.13375	0.0	2
1	(2488, 60)	283.5717298629184	80.32729228775715	89.41854858398438	11.052373921288734	42.43990987126644	477.6763844604442	113.78169790518191	7.138663	43.191467	8.429036	0.0	13
2	(2467, 236)	831.1685785796858	115.56411472938815	169.43368530273438	42.635632098677924	33.103806631282545	1228.6163357640985	148.180815876516	9.159659	10.449224	43.043495	0.0	13
3	(2466, 426)	974.5103926461952	125.11509781767015	168.66261291503906	52.96737813176757	36.17766141838975	1158.209637403072	146.4167585446527	6.726396	8.849275	9.44897	0.0	2
4	(2469, 346)	798.6881403855106	114.07675711559224	48.79841995239258	34.77753418060292	35.63448607731423	1151.2078662953456	151.70893054024256	9.307949	41.655975	8.06222	0.0	2
5	(2462, 151)	1220.2531091632031	138.3012035058641	3.296917200088501	54.32360613651792	40.139433257573025	1467.2600343524393	161.41124586549063	9.647816	9.827484	10.512297	0.0	13
6	(2433, 58)	1211.9871293832484	134.42610011999767	153.1363983154297	43.80597927453085	41.682076576538414	1714.6559468254381	179.93384785005512	8.153466	39.17513	10.172515	7.289106	13
7	(2415, 484)	700.7605916982819	135.65511756064217	179.73834228515625	61.49414130690071	18.59977031348847	878.5277803777794	157.88313120176406	7.5619707	9.690821	0.0	6.9881325	2
8	(2382, 422)	1276.1700312040734	138.83624339708288	21.26228141784668	45.30866710349995	40.91848337576733	1562.7564125161518	168.46747519294377	7.482676	7.58921	8.469141	6.9393926	2
9	(2330, 402)	16.920946843672088	21.899384411325002	84.67583465576172	2.23301229584008	12.949901438115536	89.27258162351136	44.10143329658214	10.686617	20.803843	7.4735513	7.6319804	2
10	(2333, 487)	64.57188910458773	33.21442483147029	86.20430755615234	6.586883413825096	20.726178263920502	140.42440943829018	51.15766262403528	8.127232	16.5525	1.9840624	10.109283	2	2.0	330.31973539140023	0.0	327.5151035478314	0.0
11	(2328, 441)	50.17935960537239	41.15268282485508	90.7372055053711	3.4441830385565533	22.310294896717124	163.95814010592608	64.38809261300992	11.013571	7.8448205	17.723064	7.0399165	2	2.0	333.40683572216096	1.7640573318632855	330.57599236603545	1.749079324688018
12	(2372, 233)	1523.5659436770723	155.5947881023571	178.03541564941406	58.87473785972466	37.963653455252164	2212.5596700415363	205.51267916207277	15.50543	10.301405	39.00414	12.558379	13
13	(2373, 339)	1515.5917043599395	159.39960258929705	2.8441550731658936	58.43088355254648	36.27093589452327	2362.125280648247	219.62513781697905	26.430115	38.62191	8.721904	17.311098	2
14	(2307, 486)	109.49992037916535	41.51803103933786	97.11193084716797	11.036303088024388	16.84788907834542	203.05136212406504	61.74200661521499	11.357785	15.719584	0.27209997	8.696248	2	2.0	318.85336273428885	11.466372657111355	316.14608793735925	11.369015610472117
15	(2305, 424)	269.7626812893469	77.44122560915373	83.20508575439453	10.050046389651984	34.467910476824805	534.857515173543	115.5457552370452	9.267495	23.36749	17.523533	9.837677	2	2.0	325.46857772877615	11.466372657111355	322.7051354049393	11.369015610472117
16	(2299, 234)	112.90355911208789	56.83354227387787	96.15931701660156	5.553217289594393	25.026724596510963	383.15247450613805	106.72546857772878	12.956654	19.386164	48.572453	11.141495	13	2.0	328.1146637265711	1.7640573318632855	325.32875439197136	1.749079324688018
17	(2338, 51)	1542.8208142233198	152.73468607447245	5.999202728271484	56.14296299087831	41.77039326212033	2079.9150062784975	194.92833517089304	13.403703	22.957985	9.393431	9.221015	13
18	(2349, 145)	2039.2658351253083	178.6972250933158	0.8066228628158569	69.40924312566585	43.37963630174026	2493.2139952762354	218.7431091510474	11.173964	9.678077	10.669739	10.906957	13
19	(2289, 343)	159.1930458798345	65.35116445926216	98.21678924560547	7.770805419520461	26.12440092825106	521.2429602418528	119.07386990077177	11.354846	49.097706	22.97749	16.417768	2	2.0	322.3814773980154	7.497243660418963	319.6442465867353	7.433587129924077
20	(2274, 146)	121.7530198176865	74.73245587080815	93.11363983154297	5.141840382912888	31.961881367973156	371.2883623513795	114.66372657111356	10.471249	22.390083	21.369734	8.540771	13	2.0	324.58654906284454	3.0871003307607494	321.83059574259534	3.0608888182040315
21	(2272, 48)	128.65754410447224	66.687189888665	93.25469207763672	5.796952238948421	32.182032955433314	430.21993584140984	113.78169790518191	12.975356	38.531292	22.596495	11.289733	13	2.0	332.9658213891951	3.0871003307607494	330.1387225348634	3.0608888182040315
22	(2273, 235)	157.53984992384355	60.468665031508806	96.3800048828125	7.63147713446678	27.276500421844265	526.4942885726475	116.42778390297684	15.249925	23.440683	53.031624	12.766429	13	2.0	316.64829106945973	13.230429988974642	313.95973878149925	13.118094935160137
23	(2270, 488)	153.16374298151456	51.17602206380522	39.1290397644043	17.261223090186636	16.819883419363475	268.9847067218218	72.32635060639471	13.143323	15.953483	0.0	9.662345	2	2.0	302.53583241455345	27.342888643880926	299.9671041839951	27.11072953266428
24	(2268, 424)	422.9264242708615	86.06585578329639	84.82035064697266	16.31733326901752	34.465652351945984	701.9275535495697	127.01212789415655	10.025442	19.86432	18.493275	9.166561	2	2.0	309.15104740904076	27.783902976846747	306.52615165157516	27.547999363836286
25	(2258, 338)	267.7204980495934	70.49200427045895	99.63068389892578	12.608313480266863	28.239658417583062	667.5021789365816	127.01212789415655	17.304663	54.85099	17.160583	11.300032	2	2.0	309.15104740904076	20.727673649393605	306.52615165157516	20.55168206508421
26	(2249, 54)	113.5842868586724	65.91216921149173	97.13378143310547	4.5900938672670595	25.515565359429885	436.63822602349234	115.5457552370452	13.396467	40.821873	24.343645	12.605167	13	2.0	322.3814773980154	13.230429988974642	319.6442465867353	13.118094935160137
27	(2250, 146)	220.1668026096184	77.5925577935468	94.0723648071289	8.048792758364424	36.146892693663894	527.6612504239353	119.95589856670341	12.385186	24.51803	23.30886	10.1903715	13	2.0	314.00220507166483	13.671444321940463	311.3361197944672	13.55536476633214
28	(2242, 229)	151.80228748834554	58.59759960574115	95.21546173095703	7.4763577276182565	27.336305373129697	518.714542897396	113.78169790518191	16.940804	24.306904	53.18245	14.897311	13	2.0	302.9768467475193	26.901874310915105	300.4043740151671	26.673459701492277
29	(2241, 378)	81.8818232320224	35.255181723681936	168.16534423828125	12.74301112577832	8.169730592620288	201.10642570525215	74.97243660418964	15.737217	15.549621	12.454219	14.896847	2	2.0	298.12568908489527	33.0760749724366	295.5944058722751	32.79523733790034
30	(2224, 485)	183.6019979359362	54.23178057686365	125.93132019042969	17.229948309669982	17.65125578598993	280.84881887658037	74.090407938258	6.77608	9.888776	0.0	13.284431	2	2.0	281.8081587651599	48.07056229327453	279.4154221189109	47.66241159774849
31	(2219, 54)	307.7861882771388	78.06491404936095	96.61787414550781	11.915487523896335	33.72330957237448	728.7676761291874	129.65821389195148	15.468194	43.215576	24.349426	12.9756775	13	2.0	309.15104740904076	26.460859977949283	306.52615165157516	26.236189870320274
32	(2211, 144)	522.0209348093779	96.02651122912287	99.02664184570312	17.803585466826107	38.13300087272415	919.37144517285	143.77067254685778	12.779353	24.203154	23.1338	12.4338255	13	2.0	297.2436604189636	30.871003307607495	294.71986620993107	30.608888182040314
33	(2207, 336)	425.06585433155567	79.74032283223582	102.77969360351562	22.21880591473774	25.740938567973785	938.4318220772162	139.36052921719954	19.327063	54.845055	16.509335	17.4703	2	2.0	287.1003307607497	43.219404630650494	284.66266009297493	42.85244345485644
34	(2202, 231)	379.06810802663097	79.41929891853374	99.916259765625	17.77919524346776	29.41182960704254	938.237328435335	142.0066152149945	21.108534	22.963629	55.37178	17.544008	20	2.0	285.33627342888644	44.54244762954796	282.9135807682869	44.16425294837246
35	(2211, 426)	806.2733924188808	110.37134535388883	99.76701354980469	28.913208824317746	37.16748775369427	1078.0782569479813	149.06284454244764	8.339724	14.279902	9.438895	10.043633	2	2.0	284.013230429989	53.36273428886439	281.60177127477095	52.90964957181255
36	(2177, 375)	131.08871462798834	44.50350044317781	170.01585388183594	15.626520523182018	10.521630862324104	268.01223851241537	88.20286659316427	13.617629	16.058128	9.872073	15.960915	2	2.0	270.3417861080485	60.85997794928335	268.0464065084388	60.34323670173662
37	(2176, 485)	271.31863042439727	66.79419782485036	1.1327714920043945	24.78407801519338	18.911585475833462	367.59298315563495	86.43880926130099	9.120273	12.040822	0.0	6.704554	2	2.0	260.63947078280046	69.23925027563395	258.4264702226547	68.6513634940047
38	(2169, 51)	574.0479840126226	95.03747467957889	97.49169158935547	22.332989591617928	35.60264443815017	1117.560466249883	145.53472987872107	17.014566	41.71086	22.361315	15.5548115	13	2.0	287.54134509371556	48.51157662624035	285.099929924147	48.0996814289205
39	(2156, 145)	767.8608981473265	113.06175565246447	102.03583526611328	23.624943784593704	42.0731169559288	1248.8436745197525	165.82138919514884	14.564597	23.098707	22.971544	13.013183	13	2.0	272.98787210584345	55.12679162072767	270.67002549547084	54.65872889650057
40	(2146, 332)	415.5356658793726	80.9250159720996	72.40570068359375	20.120609712994185	27.918377100233574	898.3661318496709	136.71444321940461	12.543415	51.79002	16.107853	19.756977	2	2.0	260.63947078280046	69.68026460859977	258.4264702226547	69.08863332517672
41	(2143, 231)	418.35582368665126	79.99866300538724	112.48667907714844	20.598567429387423	26.293616726476714	992.1120672364518	141.12458654906283	19.12767	23.400787	51.29258	21.513151	19	2.0	259.31642778390295	70.56229327453141	257.1146607291386	69.96317298752072
42	(2141, 422)	912.4669208860643	116.91089438761213	105.77854919433594	29.30606907621419	40.70392686619658	1219.0861473119153	159.64718853362734	7.918193	16.640543	11.390962	8.167007	2	2.0	253.14222712238146	83.79272326350606	250.99288309273058	83.08126792268087
43	(2122, 486)	202.17614073559923	57.86690322934858	168.22909545898438	20.2621500050107	16.88752115883066	317.99710447590644	77.61852260198457	11.148925	15.381926	0.0	9.122676	2	2.0	237.2657111356119	93.0540242557883	235.25116917053842	92.26393437729295
44	(2106, 50)	612.0714910004144	96.90854000020053	101.24374389648438	23.75301094580879	34.93471652299332	1174.352609679219	148.180815876516	16.884985	40.80044	21.983181	16.939995	18	2.0	259.7574421168688	76.2954796030871	257.55193056031067	75.64768079275679
45	(2094, 144)	741.4097628514712	112.17972693395983	102.34376525878906	22.27580226586487	42.12376517895764	1221.2255773726095	168.46747519294377	14.041116	23.484755	22.281929	14.365664	13	2.0	245.6449834619625	82.4696802646086	243.55929596280652	81.76945842916484
46	(2073, 484)	223.95942862630352	59.630960561211865	84.92040252685547	19.03087841652769	19.83230402868802	338.8079241572043	76.73649393605292	10.228177	10.219936	0.0	11.091827	2	2.0	215.21499448732084	115.10474090407938	213.38767761193822	114.12742593589319
47	(2081, 329)	911.9806867813611	118.44257609189674	116.5486831665039	34.22386950508005	37.44214237994235	1517.2449003159304	172.87761852260198	12.0991955	41.545704	14.285725	14.620577	2	2.0	231.97353914002204	98.34619625137816	230.00393119647438	97.511172351357
48	(2070, 417)	938.7235625400382	119.12894832522761	100.39552307128906	31.48566120560163	41.16675131927794	1270.8214560523381	158.7651598676957	8.778621	14.127769	13.762284	7.9983535	2	2.0	222.27122381477398	114.66372657111356	220.3839949106903	113.69015610472118
49	(2069, 230)	714.8613807346753	104.80247374537761	163.2816925048828	34.477592601705254	28.128959624203937	1358.1491012570366	160.52921719955899	17.268232	19.828629	40.67875	21.602293	13	2.0	226.6813671444322	103.1973539140022	224.75669322241032	102.32114049424906
50	(2038, 47)	766.7911831169793	107.2345436605098	100.61219024658203	29.276417704310965	36.66491758471351	1308.9422098610705	154.3550165380375	17.11772	28.564566	20.633156	16.92196	17	2.0	229.76846747519295	106.28445424476295	227.81758204061438	105.3820293124531
51	(2030, 144)	870.9425283444092	120.11798508506362	103.31329345703125	25.311496451468454	44.19424473511766	1322.5567647927608	169.3495038588754	11.438729	21.635069	19.088068	13.524547	13	2.0	217.42006615214993	110.69459757442117	215.57402676779822	109.75472762417314
52	(2003, 417)	733.9217576390416	111.27933888083125	103.38203430175781	24.88287778810529	43.04769022743255	993.4735227296209	143.77067254685778	7.4590497	11.828332	8.963579	7.967365	2	2.0	192.72326350606394	144.2116868798236	191.08691622216597	142.98723479324548
53	(2004, 481)	539.0391284739907	98.80557002411393	178.8413848876953	39.55615131681696	22.275388518727592	704.0669836102638	121.7199558985667	9.00273	7.796552	0.0	11.549474	2	2.0	184.34399117971333	145.53472987872107	182.7787894298979	144.2990442867615
54	(2000, 330)	1063.3939869859441	127.58388677006126	113.7261962890625	34.74175289408867	42.47999921139463	1585.706662258144	176.40573318632855	8.926709	38.564564	12.406552	10.602768	2	2.0	196.2513781697905	134.0683572216097	194.58507487154202	132.93002867628937
55	(1983, 230)	773.987447866587	108.57056914248567	176.7431640625	39.586679807231874	29.832971662371378	1328.3915740491993	155.23704520396913	13.21831	17.951658	35.291546	17.69894	13	2.0	188.75413450937154	141.12458654906283	187.15148774161793	139.92634597504144
56	(1969, 43)	638.133639012507	100.95333501022995	101.85724639892578	23.405745703983122	38.411359814617704	1073.799396826593	145.53472987872107	12.929787	23.578571	18.876507	16.70381	13	2.0	199.33847850055128	136.71444321940461	197.64596368974605	135.55364766332139
57	(1961, 143)	1070.784745377433	132.6620428407074	98.3600845336914	30.77214138107897	49.522420187054244	1497.0175615602764	174.64167585446526	9.56959	18.619059	16.688074	10.918789	13	2.0	186.99007717750825	141.12458654906283	185.40240841692992	139.92634597504144
58	(1933, 413)	998.8220978813563	124.05577205376167	120.1673583984375	34.8668635012031	39.835967584328024	1281.9075936395716	159.64718853362734	7.8421164	10.974596	9.518049	7.671857	2	2.0	162.29327453142227	175.0826901874311	160.91529787129767	173.5961229752858
59	(1921, 478)	547.7913423586486	94.7607749089385	177.0210723876953	35.69553488706549	24.93124883766468	695.1202760837245	116.42778390297684	8.730417	9.545627	0.0	10.057832	2	2.0	147.73980154355016	182.57993384785004	146.4853934426215	181.02971010520986
60	(1920, 327)	1041.1244649905366	127.11153056682011	109.26778411865234	34.70299212525871	41.99754255052536	1496.4340806346324	167.58544652701212	8.983925	32.3221	11.389945	8.213086	2	2.0	160.9702315325248	169.3495038588754	159.60348837778164	167.91161517004974
61	(1902, 229)	779.725010302085	108.16089662722216	178.83363342285156	39.48776407886751	30.056708843210863	1215.9742490418148	150.82690187431092	10.623889	11.371194	30.343636	12.798995	13	2.0	153.03197353914	176.84674751929438	151.73263141668556	175.34520229997383
62	(1901, 42)	897.5881572821457	118.87060809950319	115.32765197753906	30.569450234651484	38.937186929026886	1255.4564583437163	161.41124586549063	9.548407	13.914023	13.492429	13.42905	13	2.0	169.3495038588754	166.70341786108048	167.91161517004974	165.28799618301773
63	(1883, 141)	1394.5194122888374	146.06216455899104	86.66011047363281	37.871698798932485	51.794109613184254	1755.8885989042712	187.8721058434399	7.955892	12.772831	10.584824	9.645374	13	2.0	152.5909592061742	175.5237045203969	151.29536158551358	174.0333928064578
64	(1853, 414)	1089.8451222817991	132.14536238925854	111.50672912597656	35.45796343930791	43.362614243554084	1371.180175263083	164.9393605292172	8.021933	10.598188	9.690936	7.9332843	2	2.0	127.01212789415655	210.3638368246968	125.93371137753729	208.57770946904614
65	(1836, 480)	577.8406100293076	103.17138910556444	175.77587890625	39.767220392134895	23.56422484141701	726.2392587847307	122.60198456449834	7.5219297	9.671396	0.0	8.062986	2	2.0	110.25358324145535	220.06615214994486	109.31745779300114	218.19764575483023
66	(1824, 224)	864.0380040576235	113.04339621269453	165.5406951904297	37.298867973184585	34.02612249205968	1244.9538016821268	152.5909592061742	7.706798	10.551013	28.26524	9.469263	13	2.0	119.07386990077177	210.3638368246968	118.06285441644121	208.57770946904614
67	(1832, 323)	1328.197080407318	143.8700752720943	139.6287841796875	44.30862623927973	43.2392547556689	1846.911623304714	187.8721058434399	11.506727	29.135296	9.530216	9.0661	2	2.0	122.60198456449834	208.1587651598677	121.56101306581725	206.39136031318614
68	(1818, 44)	1235.7153536927656	139.78095590871118	145.6495819091797	42.855662964728616	39.835558645515604	1584.7341940487374	176.40573318632855	7.798094	13.30731	11.551399	10.036903	13	2.0	132.74531422271224	203.30760749724365	131.61821918277337	201.5813921702941
69	(1801, 133)	1245.8290230705925	140.29763636016003	84.95215606689453	39.29899658908495	45.30103881954777	1555.1711604827817	173.75964718853362	7.1561675	11.315962	10.83139	7.1875563	13	2.0	117.30981256890848	211.24586549062843	116.3137750917532	209.45224913139018
70	(1763, 409)	1463.0784210519917	150.51663197913794	178.3683319091797	52.31868658653925	41.03541673791679	1807.2349203609313	185.22601984564497	10.230886	9.96517	10.36898	8.014792	2	2.0	87.32083792723263	249.6141124586549	86.57942657205689	247.49472444335456
71	(1742, 324)	966.8278937918843	122.48737131221817	82.36153411865234	35.692987983179094	39.02629780410363	1354.0647347775296	160.52921719955899	7.561028	27.921638	9.682473	9.68969	2	2.0	82.91069459757442	247.8500551267916	82.20672826033685	245.74564511866654
72	(1741, 478)	723.0301136936895	115.77813070690488	177.5094757080078	48.761225895831195	23.176201739355708	898.7551191334335	136.71444321940461	8.058563	9.506801	0.0	8.372036	2	2.0	68.35722160970231	261.9625137816979	67.77682383166069	259.7382797161707
73	(1740, 225)	1164.4334339432733	133.58839575484674	0.24539588391780853	51.090685233399064	34.618959073309554	1613.5192530471681	170.23153252480705	9.26179	9.263634	27.686745	8.71151	13	2.0	82.02866593164278	247.8500551267916	81.33218859799284	245.74564511866654
74	(1713, 136)	1511.2155974176105	153.35837461982567	118.2724609375	46.36454315718363	48.38518145368437	1838.7428903457	183.46196251378169	7.315361	10.719457	8.933588	7.3554697	13	2.0	78.05953693495039	250.05512679162072	77.3967601174448	247.93199427452657
75	(1719, 43)	1424.179692675734	149.26925515129653	174.49078369140625	54.416053412070895	37.98354151945088	1819.2935261575713	181.6979051819184	11.982953	11.434808	10.65481	7.609141	13	2.0	89.08489525909592	246.96802646085996	88.32850589674491	244.8711054563225
76	(1674, 318)	749.5784958104853	109.04292534572681	88.3669662475586	28.260168583065305	37.82545853728118	1119.3109090268144	147.29878721058435	9.273795	29.37896	11.311989	7.3230267	2	2.0	53.36273428886439	277.39801543550163	52.90964957181255	275.04272380719084
77	(1644, 481)	610.5155418653641	111.04696341097157	1.3565720319747925	52.33449092269394	20.08349192808427	777.0020993157469	127.8941565600882	8.763838	10.084288	0.0	7.720431	2	2.0	25.57883131201764	304.29988974641674	25.361650207976265	301.7161835086831
78	(1644, 410)	1991.809386506274	175.74847467416177	4.946911811828613	65.29508636109902	43.1509059181026	2432.142991725511	216.97905181918412	11.16157	11.343322	9.597245	10.775267	2	2.0	34.840132304299885	302.0948180815876	34.54431666258836	299.52983435282306
79	(1578, 483)	113.77878050055368	43.647436533110934	87.69267272949219	9.141291112287918	20.645132305497388	210.24762687367271	63.506063947078275	7.3084354	18.03537	1.798362	9.087978	2	1.0	393.8257993384785	3.528114663726571	391.8374871922254	3.510302236884438
80	(1627, 223)	1522.8852159304877	160.1119395259197	179.08807373046875	66.96323053327775	33.91030996282177	2183.9691046849866	208.1587651598677	22.167559	9.998223	31.629644	12.220224	13	2.0	32.19404630650496	297.2436604189636	31.92069767555633	294.71986620993107
81	(1601, 322)	979.2754868722868	122.03337454874696	90.06888580322266	35.869195195341575	36.8852122677231	1499.1569916209705	174.64167585446526	14.642403	33.410667	13.9418335	9.432422	2	2.0	20.727673649393605	309.5920617420066	20.55168206508421	306.96342148274715
82	(1568, 413)	166.58380427132346	72.71005831322044	94.41365051269531	6.262918630953565	34.6788861468109	388.20930919505156	107.60749724366042	8.662836	19.431461	17.208866	9.130361	2	2.0	1.3230429988974641	336.05292171995586	1.3118094935160136	333.19961135306744
83	(1606, 138)	1944.1584442453584	176.35380362202602	0.37077388167381287	62.57988501554821	45.425168561212125	2400.2460344569795	221.38919514884233	15.389615	10.831821	9.349494	8.042971	13	2.0	30.871003307607495	297.2436604189636	30.608888182040314	294.71986620993107
84	(1550, 218)	47.06746133527178	39.08596101905966	101.4373779296875	3.65901332812793	12.911309021670853	220.75028353526227	82.91069459757442	14.286047	25.678019	25.749891	10.320044	13	1.0	397.35391400220504	1.7640573318632855	395.3477894291098	1.755151118442219
85	(1549, 329)	135.85380885407992	62.70507851404024	101.97222900390625	6.023961684750325	21.46383705516722	430.21993584140984	116.42778390297684	13.74229	44.128944	22.214825	10.149746	2	1.0	390.2976846747519	3.0871003307607494	388.32718495534095	3.0715144572738833
86	(1539, 165)	13.420061289808896	17.489241081666787	99.30634307861328	2.372335997832052	7.980225437782	122.53099438521166	54.68577728776185	16.80174	20.781675	30.97817	10.461451	13	1.0	391.62072767364936	1.3230429988974641	389.6435482941726	1.3163633388316642
87	(1534, 114)	15.948478634265644	18.887950199047285	84.4404525756836	3.604167310916803	8.245160595996104	128.7547909254129	54.68577728776185	15.916739	26.652422	24.101149	10.152762	13	2.0	0.8820286659316428	328.9966923925027	0.874539662344009	326.20329405431534
88	(1545, 483)	226.39059914981965	59.22128809852137	79.89827728271484	17.446008837558686	24.44552329717517	329.2777357050212	77.61852260198457	6.2352476	13.738036	0.0	7.4155025	2	1.0	379.27232635060636	18.081587651598678	377.3574904650771	17.990298964032746
89	(1591, 44)	1949.993253501797	179.0625733603716	176.87904357910156	68.66103064607418	40.952056530621924	2526.861395321698	224.9173098125689	19.734865	10.818698	10.779683	13.810073	13	2.0	32.63506063947078	303.4178610804851	32.357967506728336	300.84164384633914
90	(1529, 229)	115.52922327748527	56.42386986376038	101.52498626708984	5.855712013620454	21.30702832445886	475.9259416835126	117.30981256890848	13.921492	25.838188	50.541798	18.649033	13	1.0	387.2105843439912	11.907386990077176	385.2556704980671	11.847270049484978
91	(1536, 415)	443.6399971312187	88.30226937097383	97.1984634399414	16.809606800726947	34.14568036232386	686.1735685571853	127.01212789415655	7.5251236	18.658356	16.153673	8.598376	2	1.0	380.15435501653803	13.230429988974642	378.2350660242982	13.163633388316644
92	(1522, 325)	142.75833314086566	60.53134866691345	103.2504653930664	7.052851689417782	20.444370076373065	461.14442490053466	117.30981256890848	15.079141	47.12209	17.676907	13.103857	2	1.0	378.39029768467475	14.553472987872105	376.479914905856	14.479996727148308
93	(1514, 140)	134.1033660771483	70.94600098135716	94.84204864501953	5.027336674879046	31.994722453596957	516.1861255529393	122.60198456449834	16.549562	28.521122	27.752562	22.476677	16	1.0	380.15435501653803	10.143329658213892	378.2350660242982	10.09211893104276
94	(1513, 369)	77.60296311063405	33.491124549537666	5.8501811027526855	12.073098656692341	8.418527357519254	180.87908694959816	73.20837927232635	12.999074	14.773738	9.31285	18.54903	2	1.0	372.65711135611906	22.49173098125689	370.7756737709188	22.37817676013829
95	(1506, 47)	147.13444008319465	61.823049848108596	101.1797103881836	6.793739077629623	23.283561990025408	483.31670007500156	114.66372657111356	16.126606	41.444534	28.693506	12.613057	13	1.0	376.18522601984563	5.2921719955898565	374.2859760078032	5.265453355326657
96	(1498, 224)	251.09129166874325	71.63237310954202	97.91722106933594	10.691077050570202	30.391599414208788	653.1096494373662	131.42227122381476	11.887433	26.07629	48.486355	13.85689	13	1.0	373.9801543550165	25.13781697905182	372.09203710975044	25.010903437801623
97	(1498, 415)	328.11077385373346	82.64474900318217	101.6435317993164	11.798872902082921	32.22491841255422	538.7473880111687	119.95589856670341	7.6018333	16.67896	14.689317	6.5329094	2	1.0	363.3958103638368	29.988974641675853	361.5611303990971	29.837569013517722
98	(1501, 483)	254.6894240435471	63.73843946951095	50.61840057373047	19.644341103037284	20.846865227248497	361.17469297355245	86.43880926130099	8.120117	13.2451315	0.0	7.2614517	2	1.0	359.86769570011023	37.48621830209482	358.05082816221267	37.296961266897156
99	(1488, 331)	275.79198418766686	68.98628705917409	97.86783599853516	14.406588763711477	27.147082826687257	651.9426875860786	124.36604189636162	14.904075	49.373386	20.938393	14.398753	2	1.0	363.3958103638368	29.988974641675853	361.5611303990971	29.837569013517722
100	(1482, 135)	242.144584142204	74.06444312982023	93.14383697509766	9.325864756168162	34.804139337001835	635.4107280261691	119.95589856670341	16.151758	28.61358	27.432455	16.425335	15	1.0	366.04189636163176	24.255788313120174	364.1938570767605	24.13332787858051
101	(1475, 49)	192.35421182059417	65.30684021105445	104.92094421386719	8.957326211067096	23.026158764870598	592.0386458866417	126.1300992282249	13.609059	50.254654	27.300299	15.395738	13	1.0	362.5137816979052	18.96361631753032	360.683554839876	18.867874523253857
102	(1461, 421)	537.6776729808216	111.40470615164053	103.3831787109375	19.29379727474452	37.90843426549852	858.8839225477693	149.06284454244764	9.692405	23.088732	9.990947	8.620591	2	1.0	346.6372657111356	46.747519294377064	344.88719477389606	46.511504638718804
103	(1459, 222)	383.63870861084126	79.00962640327025	101.4218521118164	17.114649731651024	29.15241429096146	879.3057549453047	137.59647188533626	16.852013	26.313744	52.41861	12.34506	13	1.0	357.22160970231533	41.89636163175303	355.41810148454937	41.684839063002705
104	(1447, 327)	295.8248293014396	73.3964303888323	96.67143249511719	12.73041622134912	31.069036403541162	740.8262819258273	128.77618522601983	13.251458	51.970665	24.488268	15.140548	2	1.0	345.3142227122381	48.07056229327453	343.57083143506435	47.82786797755047
105	(1443, 56)	206.2605072151063	64.31780360893745	101.75639343261719	10.211565010331999	24.856685184473136	534.0795406060178	123.48401323042998	9.870361	50.283047	24.54656	12.574628	13	1.0	348.4013230429989	33.51708930540242	346.6423458923383	33.34787125040216
106	(1443, 137)	344.25374612988037	79.9359793699826	95.60609436035156	13.373349228441093	34.38964583890104	740.4372946420648	126.1300992282249	15.436777	25.164665	27.231352	16.137142	2	1.0	348.8423373759647	41.45534729878721	347.0811336719488	41.24605128339215
107	(1446, 483)	303.41008133480983	69.28895169082524	168.6416015625	24.098217834714735	21.757323116211825	426.52455664566537	91.73098125689084	9.172614	15.629319	0.0	7.8463182	2	1.0	335.6119073869901	61.74200661521499	333.9175002836322	61.430289145477666
108	(1411, 222)	298.54774028777763	70.9643604211271	101.70865631103516	14.11915359545242	26.934820805928343	776.6131120319843	128.77618522601983	15.720382	28.41732	51.584904	16.719019	13	1.0	336.05292171995586	63.06504961411245	334.3562880632427	62.74665248430933
109	(1408, 327)	308.56416284466394	74.44815083664597	100.50592041015625	13.374345574850558	28.85276802191356	712.6247038530405	128.77618522601983	12.405252	49.921062	21.480923	12.591508	2	1.0	328.1146637265711	65.27012127894156	326.45810803025273	64.9405913823621
110	(1408, 55)	342.01706924824555	75.63284402908275	100.85494232177734	15.129695821175149	29.362298441697998	623.5466158714105	120.83792723263505	11.868912	21.99113	22.630554	8.642282	13	1.0	332.9658213891951	48.95259095920617	331.28477360596884	48.705443536771575
111	(1411, 416)	518.9090365392773	91.01103905674641	94.85511779785156	20.132392456917135	34.462368351060604	808.1210820167531	134.95038588754133	12.667405	21.282953	15.414421	9.2699995	2	1.0	324.58654906284454	68.79823594266813	322.94780579336833	68.45089361924654
112	(1399, 136)	380.7213039826219	83.57110196989453	97.8545913696289	14.202644437560437	34.85218840045302	773.8902010456463	129.65821389195148	13.487578	23.504644	28.554165	15.293298	2	1.0	329.43770672546856	60.85997794928335	327.7744713690844	60.55271358625656
113	(1386, 453)	33.939140508284815	22.22040832502708	167.8822021484375	7.961178832397924	5.789337850548065	111.63935043985951	52.039691289966925	17.26804	13.575827	8.6886835	12.215514	2	1.0	310.0330760749724	84.6747519294377	308.46780906622	84.24725368522651
114	(1389, 5)	82.56255097860691	40.743010309591575	175.85049438476562	16.427091510985143	11.15600242229285	233.19787661566474	84.6747519294377	14.939883	2.1163332	14.7348995	47.990242	13	1.0	324.58654906284454	55.12679162072767	322.94780579336833	54.848472451319346
115	(1382, 370)	109.69441402104663	40.547353876990805	3.125666379928589	14.933615039273258	9.800656786437465	233.9758511831899	76.73649393605292	11.783731	13.150107	13.1857815	15.217375	2	1.0	314.88423373759645	80.26460859977949	313.29447464193606	79.85937588912097
116	(1361, 467)	3.1118982701006135	7.056229327453142				62.82144632765613	38.80926130099228	20.32661	18.033993	14.800516	13.501514	2	1.0	297.68467475192944	97.90518191841234	296.1817512371245	97.41088707354315
117	(1388, 484)	297.28353161554924	72.92407429073717	20.067445755004883	25.51306153534963	19.80098734538557	426.33006300378406	95.25909592061741	11.224528	10.480207	0.0	8.648242	2	1.0	310.47409040793826	87.32083792723263	308.90659684583056	86.87998036288984
118	(1363, 324)	368.4682045441008	75.11616357763388	102.37483978271484	18.725379427539128	26.259769158476765	789.0607051123868	125.24807056229326	16.58589	53.476006	10.976716	12.712119	2	1.0	308.26901874310914	84.6747519294377	306.71265794777776	84.24725368522651
119	(1362, 53)	389.4735178672799	78.1275977899116	105.66299438476562	18.06921736459432	28.361606557901123	699.9826171307568	122.60198456449834	12.131798	19.878597	22.865652	11.624042	13	1.0	312.6791620727674	68.79823594266813	311.10053574388337	68.45089361924654
120	(1361, 220)	450.93350870176704	84.51581437637682	105.6469497680664	19.485328383792613	29.99785533109194	1007.8660522288362	142.88864388092614	15.461517	26.190153	53.409298	16.602259	13	1.0	314.00220507166483	85.11576626240353	312.416899082715	84.68604146483707
121	(1353, 133)	454.3371474346896	87.57157283686225	99.96009826660156	16.974484958615687	35.129711894721936	828.348420772407	131.42227122381476	12.424234	22.50181	25.137861	13.244319	2	1.0	309.15104740904076	80.70562293274531	307.59023350699886	80.29816366873152
122	(1353, 417)	543.1234949534977	90.69001509047132	88.99007415771484	25.25054524588094	30.674250168823015	817.2622831851736	128.77618522601983	9.404429	12.565009	18.137777	12.460238	2	1.0	299.0077177508269	94.37706725468577	297.49811457595615	93.90058483665871
123	(1343, 3)	35.30059600145383	26.781883944224365	168.07537841796875	10.819794222929765	6.8575671238049125	135.56206839125798	52.92171995589857	19.313234	0.0	20.376074	18.596128	14	1.0	304.7409040793826	74.97243660418964	303.20235571089336	74.59392253379431
124	(1342, 363)	99.87248510604157	38.524956319403096	167.08651733398438	13.700634161048578	9.617219744277643	229.89148470368283	74.090407938258	17.328712	14.375405	12.784048	11.305529	2	1.0	297.2436604189636	97.46416758544652	295.7429634575139	96.9720992939326
125	(1316, 56)	327.91628021185215	73.7617786558881	100.50527954101562	15.896691601003155	27.781842423722136	600.5963661294185	114.66372657111356	9.860279	21.00992	20.194046	11.693305	13	1.0	292.3925027563396	89.52590959206174	290.91629788179785	89.07391926094262
126	(1318, 483)	341.628081964483	75.05347978451023	164.9385986328125	26.091948781486888	24.202533615020236	514.2411891341264	100.55126791620728	12.384848	15.502151	0.0	14.468441	2	1.0	279.1620727673649	118.19184123484013	277.7526644934812	117.59512493562868
127	(1306, 217)	439.5556306517117	82.12806870945234	104.87637329101562	19.808154554067947	28.567022178061418	999.8918129117034	141.12458654906283	16.454557	24.669266	58.80873	15.7572565	13	1.0	289.7464167585446	109.3715545755237	288.2835712041345	108.81936934341758
128	(1302, 413)	563.6425741719736	94.99315037879818	91.664306640625	20.174168942401252	38.050483223218365	868.0251237161899	134.0683572216097	10.574878	17.32611	17.417955	9.249391	2	1.0	276.9570011025358	116.42778390297684	275.55872559542837	115.83997381718646
129	(1299, 5)	75.65802669182116	39.60264147050851	172.56871032714844	16.351186963948038	9.187533578827505	202.85686848218376	77.61852260198457	32.784267	0.0	17.470562	19.038244	13	1.0	284.8952590959206	94.81808158765159	283.4569056284184	94.33937261626927
130	(1302, 135)	542.3455203859726	93.55011696063697	104.7696533203125	20.966544996148375	32.73911688609371	934.9309365233531	142.0066152149945	14.09294	20.02084	24.471918	12.654483	2	1.0	286.6593164277839	103.63836824696803	285.2120567468606	103.11512820848037
131	(1302, 325)	559.4609608715259	90.23601827442711	51.13813400268555	27.032579671780827	27.372432670896735	1184.466279057046	149.94487320837928	22.013107	59.684334	16.571947	17.500004	2	1.0	281.36714443219404	111.57662624035281	279.9466033915339	111.01330824147036
132	(1268, 366)	108.81919263258084	41.01971013280496	3.983711004257202	15.38138646654368	9.184460902487569	235.3373066763589	81.14663726571114	12.908116	15.997869	12.27	13.744236	2	1.0	264.6085997794928	130.54024255788312	263.27266776633286	129.8811827647242
133	(1270, 52)	477.8708781023255	86.17286361433574	99.95753479003906	19.551111352986343	32.8280074012448	829.1263953399322	137.59647188533626	11.092777	29.908073	21.34881	10.384783	13	1.0	272.1058434399118	109.3715545755237	270.73206001971226	108.81936934341758
134	(1254, 482)	344.4482397717617	74.2157754193593	7.882680892944336	26.12832257331488	21.178916955026317	536.6079579504745	102.31532524807056	18.702179	14.353672	0.0	12.707456	2	1.0	250.93715545755236	146.4167585446527	249.67024659840567	145.6775428307042
135	(1229, 3)	16.045725455206288	17.230900855942362	148.48880004882812	5.489417935644568	4.705239725618583	114.36226142619755	61.74200661521499	30.432236	4.019659	17.51595	36.651608	13	1.0	254.46527012127893	125.24807056229326	253.1805488352901	124.61572940939755
136	(1240, 134)	616.7393384055654	96.97122379332419	106.93753814697266	24.8443429984012	32.91586395729152	1038.4015540041985	142.88864388092614	15.8827915	20.670605	19.69905	14.122535	2	1.0	259.31642778390295	130.54024255788312	258.0072144110062	129.8811827647242
137	(1242, 213)	633.7575320701781	97.74624436535146	123.8481674194336	28.031659987614773	30.11967867812387	1366.7068214998133	161.41124586549063	20.180372	20.858553	64.25008	18.284916	13	1.0	261.9625137816979	137.15545755237045	260.63994108866956	136.46299945888254
138	(1235, 413)	939.598783928504	115.2538449919342	136.75570678710938	35.327737677296476	35.074343186300915	1335.1988515150445	163.1753031973539	18.879475	15.906786	16.506487	11.688313	2	1.0	247.4090407938258	145.97574421168687	246.15994436152124	145.23875505109362
139	(1225, 328)	629.5759187697304	94.84181829955112	28.81315803527832	29.72471363258261	28.99832031613101	1342.5896099065335	160.52921719955899	21.37757	63.45184	17.789513	23.450968	2	1.0	247.4090407938258	145.97574421168687	246.15994436152124	145.23875505109362
140	(1200, 453)	36.370311031800924	23.20944497971708	152.61328125	7.676890589974813	5.92870392430003	138.28497937759602	63.506063947078275	19.319029	15.096966	12.113054	18.70614	2	1.0	228.00441014332966	166.70341786108048	226.85328205865682	165.8617806927897
141	(1212, 51)	633.3685447864156	95.83085505938713	109.51473999023438	26.037771959847262	32.29599658902403	1104.9183795275992	151.70893054024256	17.789692	35.14638	20.3498	11.14643	13	1.0	246.52701212789415	134.95038588754133	245.2823688023001	134.26906056082976
142	(1188, 368)	20.0328451137727	18.219937510632363	160.87600708007812	6.619747754403586	4.021932400803013	137.50700481007087	59.977949283351705	20.764364	20.217787	21.766424	18.800793	2	1.0	229.3274531422271	165.82138919514884	228.16964539748847	164.9842051335686
143	(1166, 131)	889.3221775021909	116.1175142180959	133.44879150390625	34.66378529257178	34.92849713704954	1403.660613457258	170.23153252480705	16.89882	21.514278	19.129894	16.438778	2	1.0	226.6813671444322	163.1753031973539	225.53691871982514	162.35147845590527
144	(1158, 215)	949.1289723806872	119.0846240244469	159.33116149902344	38.133869396301705	33.316866378579576	1721.6577179331643	183.46196251378169	19.164007	19.299969	45.96898	24.174492	12	1.0	224.9173098125689	174.20066152149946	223.78176760138294	173.32117294616916
145	(1161, 480)	684.7148662430757	115.38681763141132	170.87025451660156	44.9949746805741	24.93215269276482	981.2204232910997	151.70893054024256	20.125736	19.958069	0.0	12.864477	2	1.0	209.48180815876515	187.8721058434399	208.42419531501352	186.92359411409632
146	(1141, 412)	884.5570832760994	114.46046466469896	178.56610107421875	40.683548132114566	29.889889657755656	1412.0238400581534	163.1753031973539	20.591246	19.831944	19.80713	19.268122	2	1.0	205.95369349503858	187.4310915104741	204.91389307812906	186.48480633448577
147	(1133, 48)	788.6717178286242	108.71429616850293	174.5884246826172	36.77079837948133	28.58929579146131	1430.1117487531133	169.3495038588754	21.908072	39.459396	21.507835	19.494255	11	1.0	211.68687982359427	169.79051819184122	210.6181342130663	168.93329515006357
148	(1089, 451)	86.25793017435139	38.890304481312874	160.37060546875	13.007533854465247	7.737673247702949	231.44743383873313	81.14663726571114	12.024264	18.790762	13.056789	19.076563	2	1.0	179.05181918412347	215.21499448732084	178.14783852188523	214.12843644995073
149	(1125, 325)	1489.529556347847	147.99591372530935	1.504733920097351	54.21461340544234	37.82013412537111	2421.8348287058025	219.62513781697905	21.577604	41.650917	20.970518	27.47918	2	1.0	203.30760749724365	189.63616317530318	202.28116640046574	188.67874523253855
150	(1071, 4)	76.33875443840567	52.272066707253586	1.2606521844863892	22.786611431656425	7.819175575480391	236.69876216952792	90.8489525909592	10.674572	0.0	24.46185	30.439508	2	1.0	184.78500551267916	195.36934950385887	183.85207965682244	194.38298636747575
151	(1059, 128)	1722.9219266053929	165.6364868336502	173.41705322265625	61.935893961424966	38.42878292196164	2280.4379510581057	219.62513781697905	16.10428	13.617489	10.757072	18.86166	2	1.0	179.4928335170893	209.92282249173098	178.5866263014958	208.86298309462407
152	(1046, 212)	1542.3345801186165	159.14126225842662	165.12095642089844	56.52835825717044	37.29754339908367	2175.6058780840913	220.5071664829107	14.859707	10.850346	23.17144	22.391182	2	1.0	175.5237045203969	223.15325248070562	174.6375362850008	222.0266164829407
153	(1033, 477)	898.4633786706115	131.4773496482706	177.3212890625	54.322501727994336	23.455558593783632	1188.3561518946717	164.05733186328555	15.266517	12.2757	0.0	18.979616	2	1.0	153.03197353914	243.88092613009923	152.2593595248625	242.64964212463678
154	(1019, 45)	1405.9945371598335	149.92966262876263	170.1355743408203	55.27325730080963	35.30028830964004	1932.488825732481	202.86659316427784	17.468138	13.075105	11.973038	21.102352	2	1.0	161.41124586549063	220.06615214994486	160.59632733746304	218.9551020256668
155	(1017, 407)	1654.4601646631793	163.80974570866326	4.644515514373779	68.26186005784278	34.6052323245274	2239.399792621154	214.3329658213892	15.430081	14.916667	11.828437	21.101707	2	1.0	151.70893054024256	242.55788313120175	150.94299618603085	241.3332787858051
156	(997, 272)	490.9019521083718	128.5102396842006	1.9966931343078613	52.576806037143356	12.23545423978119	949.5179596644497	186.1080485115766	16.567055	14.69023	9.055858	30.00595	2	1.0	150.38588754134508	246.08599779492832	149.62663284719918	244.84358102268956
157	(989, 326)	1595.9175784569115	163.07904922712467	177.6586151123047	62.85846790562321	36.78859747084141	2133.400757795852	216.09702315325248	17.415075	8.760938	13.856173	21.745977	2	1.0	143.32965821389195	249.6141124586549	142.6060283734303	248.353883259574
158	(929, 218)	1442.8510822963376	149.18060676002713	2.89520263671875	49.141560983160275	40.91142364369248	1962.829833865962	200.22050716648292	13.147747	11.361345	23.971134	14.015085	2	1.0	123.48401323042998	275.63395810363835	122.86057829095533	274.2423622565967
159	(908, 475)	964.5912169102496	135.52214476344602	5.546712398529053	57.19509455390056	23.004928313862187	1249.2326618035152	170.23153252480705	14.211952	9.184177	0.0	16.321005	2	1.0	97.90518191841234	299.0077177508269	97.41088707354315	297.49811457595615
160	(906, 127)	2333.2429748288755	197.452202705459	173.10585021972656	74.66141748342247	43.38598003717576	2920.3220328475445	250.49614112458653	15.312397	11.742538	12.379997	16.283895	2	1.0	111.57662624035281	277.39801543550163	111.01330824147036	275.9975133750389
161	(888, 42)	1725.9365780545527	172.15767626988455	179.26748657226562	68.93571943317863	36.28688179085808	2283.3553556863253	209.04079382579934	14.944782	11.605567	11.321551	17.976912	2	1.0	103.63836824696803	277.83902976846747	103.11512820848037	276.4363011546495
162	(882, 412)	1523.4686968561316	159.56929421346007	10.227852821350098	64.30149445218977	32.896408236695116	1940.4630650496138	207.27673649393606	12.863402	9.016813	9.596693	15.034987	2	1.0	91.73098125689084	301.65380374862184	91.2678581589954	300.13084125361945
163	(819, 3)	49.49863185878788	39.86098169623294	25.762958526611328	22.060990148697254	14.635045469962165	126.03187993907486	67.03417861080484	16.433538	0.0	12.916518	8.848991	2	1.0	73.64939360529218	306.06394707828	73.27755919496265	304.518719049725
164	(854, 333)	1817.3485897387584	172.19439530714342	6.780243873596191	63.37461191750188	38.06817651850685	2667.8692856856323	232.85556780595368	19.261156	46.23224	9.832192	13.772919	2	1.0	83.79272326350606	310.0330760749724	83.36967812600541	308.46780906622
165	(819, 206)	1552.8372367802062	158.08193670481015	155.22633361816406	49.11848876666586	40.67653889104855	2358.2354078106214	222.27122381477398	11.019314	11.346584	58.698177	12.879948	2	1.0	75.85446527012128	322.82249173098126	75.47149809301543	321.1926546749261
166	(767, 474)	1284.9222450887314	159.1855864540613	2.9220235347747803	67.646268827902	27.69383887992313	1577.9269165828923	194.92833517089304	14.1341715	9.155683	0.0	13.525752	2	1.0	35.722160970231535	361.1907386990077	35.54181014845494	359.3671915010443
167	(744, 404)	1759.0004971743717	168.3268970270798	179.2575225830078	64.15420572875848	38.74147775998754	2313.3073765360436	216.97905181918412	29.04459	10.087769	9.035597	12.454323	2	1.0	31.312017640573316	362.95479603087097	31.153932352349386	361.1223426194866
168	(681, 471)	40.35743069036733	32.07405593981422	84.4826889038086	3.600311959472932	15.944693331368866	197.21655286762638	69.68026460859977	12.501023	23.783068	25.520945	12.849474	2
169	(725, 326)	1181.9378617125892	140.70730882285054	175.2082977294922	57.790151823912545	29.899167067885525	2163.158285003689	203.7486218302095	24.536495	59.622627	9.7501	24.90491	2	1.0	26.901874310915105	366.04189636163176	26.76605455624384	364.1938570767605
170	(737, 125)	2177.5508145029044	192.87236759391877	179.29022216796875	80.9838229717118	38.418868693333195	2726.2173782500186	241.6758544652701	17.095928	10.677665	10.601685	14.652337	2	1.0	37.045203969129	351.9294377067255	36.85817348728661	350.1526481292227
171	(735, 38)	1941.6300269009016	207.71552262521763	173.6448211669922	80.19399140883415	33.308283010106074	2449.063938569183	227.56339581036383	20.298414	2.0064447	10.5842	14.990378	2	1.0	36.60418963616318	345.3142227122381	36.41938570767605	343.57083143506435
172	(708, 209)	1290.7570543451702	145.07312790430103	159.3863525390625	48.19457079964438	38.300060134886	2205.3634052919288	210.80485115766263	20.155647	10.116655	57.61647	20.329306	2	1.0	26.460859977949283	372.2160970231532	26.327266776633287	370.3368859913082
173	(653, 317)	75.9497671546431	46.55186280920329	95.02587890625	4.737414350667705	21.82451548097215	441.111579786762	105.84343991179713	20.224064	60.442734	29.12479	16.553972	10
174	(650, 124)	73.42134981018636	60.29897324962679	90.13233947753906	4.4347081444604886	28.292814060662575	383.9304490736632	107.60749724366042	16.617926	36.97344	24.498793	11.609292	2
175	(653, 471)	164.9306083153325	50.24966914966587	82.6334457397461	12.40504020535311	18.281845571905286	395.98905487030305	89.96692392502756	10.605679	23.846401	23.267551	12.840098	2
176	(645, 35)	57.95910528062393	44.378133014649514	97.75225067138672	3.700996571515241	18.005268076772285	337.251975022154	92.61300992282249	18.909966	29.383736	40.22079	13.446019	2
177	(645, 402)	271.6103708872192	73.28942245264695	89.71959686279297	11.282142924019826	33.539630038835455	715.3476148393786	125.24807056229326	13.58949	33.391384	24.007563	26.091417	2
178	(637, 210)	147.9124146507198	58.0809192068653	94.78946685791016	7.384502242707515	26.121878646873483	530.7731486940359	118.19184123484013	15.388482	26.352509	61.579285	15.234952	2
179	(623, 125)	143.24456724556887	60.51298922714351	92.3803482055664	6.852239887448779	29.575728728871685	575.5066863267322	117.30981256890848	21.127678	45.428143	30.695164	16.797787	9
180	(620, 471)	127.87956953694709	44.3338087138688	80.22469329833984	10.284962221275112	16.56466009796498	337.64096230591656	81.14663726571114	11.641799	26.11335	25.630365	10.000465	2
181	(616, 33)	111.44485679797822	50.40100143920495	97.15458679199219	6.2488374972050655	22.808767827466614	482.1497382237138	103.1973539140022	20.624235	27.633522	46.503395	19.282272	8
182	(618, 318)	218.31911301174617	60.42434062558208	101.30748748779297	12.66311815554597	22.668363282849484	702.3165408333322	126.1300992282249	18.366962	62.20907	30.343418	19.740505	2
183	(607, 403)	301.56239173693757	71.52536517335666	90.6850357055664	14.319497064777543	29.59500538988576	639.8840817894387	119.07386990077177	14.89805	24.151117	25.961666	13.04125	2
184	(603, 208)	255.1756581482503	68.0415747052648	92.46344757080078	13.240428735722242	29.966816459400214	755.9967859925678	136.71444321940461	16.421663	29.557512	61.70237	15.501845	2
185	(587, 128)	190.02028811801873	61.35069364486745	94.70170593261719	9.683440820882645	26.789762620087966	609.737567297839	115.5457552370452	15.71276	44.83019	30.289425	20.668406	7
186	(590, 352)	76.92223536404954	34.782825625586796	0.06577473133802414	13.78458377811743	7.4462058970332	250.7023043849807	82.91069459757442	21.773396	16.185726	17.83552	26.572638	2
187	(582, 475)	208.20544363391917	56.379545562979665	45.00498962402344	16.33110490317589	16.3320868840537	413.493482639619	94.37706725468577	11.749262	21.421722	15.998166	12.256967	2
188	(577, 32)	252.7444876247342	65.56518054192489	95.69269561767578	13.024004867595139	26.14522096509595	695.1202760837245	119.07386990077177	19.1438	22.00083	46.848312	22.303144	6
189	(568, 450)	42.30236710918022	24.349813818800147	10.291983604431152	8.008199571089548	7.199932300516487	139.84092851264631	59.09592061742006	13.513191	17.658121	8.527137	19.302584	2
190	(573, 313)	224.44566273100676	59.80065229052088	87.15499877929688	13.530238859351309	22.490031180251947	671.9755326998512	120.83792723263505	18.380571	61.685593	15.996554	19.451603	2
191	(560, 209)	313.81549117545876	69.6099756045273	93.4818344116211	16.506655271523194	25.858085313478785	849.7427213793488	131.42227122381476	17.907808	31.17274	62.21424	16.391903	2
192	(550, 127)	275.1112564410824	70.3406720334929	96.33210754394531	12.596271121233293	28.62136404761382	742.576724702759	124.36604189636162	19.608414	40.98902	31.820984	15.612425	5
193	(556, 400)	477.3846439976223	82.96577291688425	86.8853988647461	22.37675492894488	28.074311820956748	788.6717178286242	127.8941565600882	15.899751	15.568238	13.952681	15.280569	2
194	(538, 443)	35.20334918051319	23.726125431165936	24.701631546020508	7.759729313083947	5.572473387348381	98.99726371757576	45.86549062844542	5.1633053	11.944262	7.116758	14.186972	2
195	(533, 354)	115.33472963560399	41.79473075740524	179.46771240234375	15.383638495390816	9.82446763849781	286.1001472073752	82.02866593164278	13.90887	15.154579	14.756929	22.453234	2
196	(530, 311)	213.84575924847653	56.014197401069886	79.7467041015625	14.982135184552568	19.26594528102967	649.2197765997405	114.66372657111356	24.647236	63.18314	16.255041	20.930593	2
197	(531, 35)	330.0557102725463	72.36306948593459	94.58301544189453	16.210021014037824	27.647158693015005	789.6441860380307	125.24807056229326	18.475134	24.228281	38.91904	20.913622	4
198	(534, 475)	259.64901191151995	61.41337728027209	17.687366485595703	21.23508580410537	16.708385477341185	444.61246534062514	91.73098125689084	13.502253	9.022873	12.959974	12.539602	2
199	(514, 444)	85.86894289058881	35.362189817586305	26.427946090698242	10.818571824489581	10.155267242885648	179.90661874019173	67.91620727673649	12.444039	14.01432	10.681016	6.667934	2
200	(500, 335)	7.488005212429601	10.691351979938073	94.30107116699219	3.41201476321983	4.0853720898627905	56.014168861811044	37.92723263506064	13.921582	19.45949	3.904021	18.256554	2
201	(508, 209)	396.0863016912437	76.51487269501439	93.93159484863281	19.96014319577528	26.96512689679336	957.1032116978199	136.71444321940461	14.371751	30.690952	59.705265	18.512573	1
202	(502, 126)	350.2830490282003	76.25653241671695	96.57789611816406	15.305295335909525	30.20179762806897	838.4620901502341	129.65821389195148	17.162867	39.144234	30.291775	19.467653	3
203	(495, 349)	60.39027580414003	30.00733402887279	178.0557861328125	11.248216373386455	7.190648288075935	153.6499770862178	57.33186328555678	14.631655	7.593758	9.747648	14.016002	2
204	(494, 397)	516.9641001204644	87.48292439301984	84.76753997802734	22.69523027246409	29.656515052713303	791.7836160987249	127.01212789415655	9.767553	12.088904	14.803549	15.5949745	2
205	(479, 35)	373.91402651677686	75.63284402908275	100.24866485595703	18.804845902465598	27.09092610793073	786.1433004841675	125.24807056229326	16.399834	22.271807	32.78365	18.765533	1
206	(479, 472)	370.0241536791511	72.83542574174875	87.47953033447266	20.786199680516773	23.835644483725467	831.0713317587451	142.88864388092614	92.009476	18.610392	19.26448	13.892272	2
207	(472, 304)	356.50684556840156	72.06040506457546	90.6790771484375	20.894102754991135	22.519087514468993	877.3608185264917	135.83241455347297	22.706621	49.488354	14.103044	28.869148	2
208	(451, 347)	207.71920952921596	57.43126595822032	144.51693725585938	16.605921092051513	14.031021127081539	373.8167796958362	98.78721058434398	10.267582	15.416394	10.288606	15.1265745	2
209	(452, 206)	576.5764013570794	93.63876550962539	98.22937774658203	23.611158355381427	34.420288667044794	1105.501860453243	150.82690187431092	13.9806795	19.571705	48.405045	14.193035	1
210	(434, 401)	760.1783992930156	110.2826965946084	112.83576202392578	26.733261937692532	35.55519733289849	1445.6712401036164	193.16427783902975	37.070225	9.804935	81.693184	12.684196	2
211	(424, 26)	466.97923415697335	84.95145159493208	91.68238067626953	24.885238103535794	31.15537179488823	734.6024853856261	115.5457552370452	12.8639	0.4723958	23.53049	14.674558	1
212	(408, 345)	74.00483073583021	35.66485429151844	0.7011657953262329	14.459785261493902	6.780233195919477	157.92883720760614	60.85997794928335	10.589062	7.522417	11.374509	9.278496	2
213	(422, 116)	1473.094843608878	149.9556273846274	160.03895568847656	50.55764827104727	40.18273964087852	2121.5366456410934	206.3947078280044	14.729025	25.550644	14.988818	20.90258	1
214	(357, 497)	7.779745675251534	15.359835535320714	2.6067326068878174	7.334885816946761	2.0351217349403306	268.9847067218218	95.25909592061741					2
215	(385, 307)	861.6068335341074	118.29124396007668	9.345491409301758	45.43292675039728	26.30102505959232	1636.0805155053977	179.05181918412347	19.763067	56.135414	9.461661	26.386833	2
216	(375, 195)	1052.502343040592	127.28122224355612	158.11746215820312	41.99186463129042	33.57698849368091	1795.9542891318165	188.75413450937154	14.725855	15.016425	58.140495	14.489023	1
217	(350, 387)	1169.7820090950088	137.47425326438827	30.892047882080078	42.31248766518564	36.473730404317614	1853.7189007705592	200.22050716648292	10.509045	16.218122	55.656544	16.147797	2
218	(336, 27)	1186.3139686549182	143.54905130581923	176.90896606445312	53.068487293498755	36.25501700891932	1527.164076051876	171.99558985667034	12.556309	0.0	17.755096	14.297581	1
219	(292, 470)	1001.5450088676944	130.93470428323798	175.00279235839844	50.125143290717084	26.26665343385563	1571.5086264008098	200.22050716648292	15.28817	18.639961	5.0672407	70.43551	2
220	(298, 110)	1821.4329562182654	170.60763491553797	175.51028442382812	64.99810533219373	39.593176816618474	2383.5195812551888	216.09702315325248	13.087219	16.41118	15.569931	15.303565	1
221	(271, 301)	1464.634370187042	151.37269578405883	169.3973388671875	56.619728679509095	34.89670002260929	2239.7887799049167	209.04079382579934	15.480644	33.72481	14.525664	25.548025	2
222	(247, 389)	1551.3785344660964	151.4353795771825	172.48512268066406	50.06432975404079	41.22401134965723	1942.9914823940705	196.69239250275632	11.731371	10.595779	11.81513	12.141933	2
223	(258, 198)	1669.047187804276	166.15316733767204	176.34646606445312	62.592847821689304	36.24468308436058	2486.990198736034	226.6813671444322	17.814514	14.439167	31.049072	25.53972	1
224	(205, 337)	59.70954805755552	32.45776348892094	25.739551544189453	10.053400970703109	6.346127468881546	143.7308013502721	66.1521499448732	10.572385	10.407176	9.800936	10.661253	2
225	(207, 26)	1314.3880318337467	157.34048599445043	179.93907165527344	70.77465824868094	29.214703217149896	1634.1355790865846	186.99007717750825	12.553355	0.0	12.273718	12.6006	1
226	(183, 461)	947.5730232456368	129.0009553272117	172.45359802246094	51.361692603323576	24.920457217692736	1321.7787902252355	172.87761852260198	13.994951	11.986704	14.609921	15.127828	2
227	(141, 494)	108.62469899069954	64.04110389087008	174.0651397705078	29.926682703828615	7.513900906786482	221.52825810278742	91.73098125689084	10.278957	12.004369	0.0	12.028016	2
228	(169, 107)	1993.5598292832055	175.38312645967898	172.29617309570312	61.390663664098	45.70601672012349	2484.6562750334588	221.38919514884233	11.579525	12.8477745	12.325944	12.803985	1
229	(140, 387)	1362.3307145574843	142.42704201165213	3.4126675128936768	52.172672756976624	38.980966077585066	1751.2207514991203	186.1080485115766	11.584535	14.10701	11.024522	11.459336	2
230	(148, 299)	1449.26937247842	150.88198029876673	179.43856811523438	56.13283586783242	37.850062345031496	2156.1565138959627	200.22050716648292	15.459049	37.373608	13.9948225	14.744383	2
231	(88, 339)	38.3152474506138	23.574793246772874	176.2436065673828	8.140972104535894	6.122340516713911	112.02833772362209	54.68577728776185	11.742643	12.195706	12.659252	12.453344	2
232	(121, 195)	1690.927722515921	167.74753294022634	176.94573974609375	69.33917647582076	35.04262485176055	2496.5203871882172	220.5071664829107	18.081196	12.20039	38.098827	18.425016	1
233	(74, 451)	746.077610256622	114.37181627342956	169.6318817138672	43.894715408105945	22.753240726361376	1054.933513564108	157.00110253583242	13.764672	11.050667	11.499395	13.686287	2
234	(51, 490)	247.10417201017685	89.5312867064723	154.27032470703125	46.02729218531868	25.935977110661458	463.0893613193476	120.83792723263505	28.958258	12.235147	0.0	9.053486	2
235	(72, 24)	1086.052496265114	172.97702124783854	0.17855992913246155	58.50575334077519	25.879942715499478	1478.3461719396728	177.2877618522602	17.19778	0.0	13.74968	11.738361	1
236	(7, 447)	92.57897353549325	42.248727415730436	104.60218048095703	11.48589711206284	15.96594058665618	194.68813552316965	70.56229327453141	0.0	9.602347	26.693243	11.332397	2
237	(40, 382)	1226.865892987167	138.5152194308078	179.0143585205078	59.92925586464855	36.49290685151391	1496.4340806346324	166.70341786108048	0.0	12.890244	10.178383	10.85004	2
238	(39, 297)	1055.3225008478705	129.26690086903093	0.005090712103992701	45.15315912298945	36.875254417704745	1516.0779384646426	163.1753031973539	0.3334559	37.853485	12.743956	12.239507	2
239	(21, 194)	642.4124991338954	105.14946246751745	165.34140014648438	45.17527405913753	36.254083797824094	955.5472625627697	141.12458654906283	0.0	10.047293	33.529705	12.270283	1
240	(51, 105)	1660.3922207405585	159.29259454796568	155.5120086669922	49.63831669747528	45.78756506888773	2056.964756536506	197.57442116868796	6.507307	14.174363	11.569656	10.479019	1
